[quark]
{2 JetPt Rho 1 x TMath::Exp(-1.*x*[0]/[1])*TMath::Power(x,[0]-1)*TMath::Power([1]/[0],-1.*[0])/TMath::Gamma([0]) Correction QGL_axis2_QC_F_quark}
20 26 0 1 4 0 100 44.582 43.407
20 26 1 2 4 0 100 79.435 3.068
20 26 2 3 4 0 100 39.636 2.873
20 26 3 4 4 0 100 41.224 2.840
20 26 4 5 4 0 100 33.573 2.810
20 26 5 6 4 0 100 32.772 2.796
20 26 6 7 4 0 100 30.709 2.772
20 26 7 8 4 0 100 32.936 2.738
20 26 8 9 4 0 100 33.795 2.699
20 26 9 10 4 0 100 34.418 2.670
20 26 10 11 4 0 100 34.652 2.648
20 26 11 12 4 0 100 34.013 2.603
20 26 12 13 4 0 100 36.481 2.594
20 26 13 14 4 0 100 36.249 2.573
20 26 14 15 4 0 100 36.608 2.554
20 26 15 16 4 0 100 36.627 2.533
20 26 16 17 4 0 100 36.713 2.502
20 26 17 18 4 0 100 35.764 2.499
20 26 18 19 4 0 100 39.829 2.495
20 26 19 20 4 0 100 40.757 2.442
20 26 20 21 4 0 100 39.304 2.439
20 26 21 22 4 0 100 40.828 2.425
20 26 22 23 4 0 100 38.003 2.438
20 26 23 24 4 0 100 43.261 2.383
20 26 24 25 4 0 100 45.835 2.392
20 26 25 26 4 0 100 45.723 2.352
20 26 26 27 4 0 100 53.139 2.364
20 26 27 28 4 0 100 52.674 2.296
20 26 28 29 4 0 100 57.082 2.361
20 26 29 30 4 0 100 74.947 2.332
20 26 30 31 4 0 100 100.000 2.238
20 26 31 32 4 0 100 66.274 2.221
20 26 32 33 4 0 100 100.000 1.957
20 26 33 34 4 0 100 100.000 2.287
20 26 34 35 4 0 100 100.000 2.267
20 26 35 36 4 0 100 68.914 35.584
20 26 36 37 4 0 100 100.000 2.213
20 26 37 38 4 0 100 75.900 36.500
20 26 38 39 4 0 100 50.609 42.834
20 26 39 40 4 0 100 99.432 65.409
20 26 40 41 4 0 100 43.703 99.610
20 26 41 42 4 0 100 91.615 56.384
20 26 42 43 4 0 100 23.002 50.755
20 26 43 44 4 0 100 38.816 70.678
20 26 44 45 4 0 100 80.536 51.070
26 32 0 1 4 0 100 95.325 33.695
26 32 1 2 4 0 100 76.710 3.015
26 32 2 3 4 0 100 46.510 2.969
26 32 3 4 4 0 100 31.587 3.031
26 32 4 5 4 0 100 34.277 2.941
26 32 5 6 4 0 100 31.137 2.922
26 32 6 7 4 0 100 29.864 2.889
26 32 7 8 4 0 100 33.330 2.852
26 32 8 9 4 0 100 32.674 2.831
26 32 9 10 4 0 100 33.714 2.802
26 32 10 11 4 0 100 33.396 2.780
26 32 11 12 4 0 100 33.709 2.757
26 32 12 13 4 0 100 33.180 2.730
26 32 13 14 4 0 100 34.441 2.686
26 32 14 15 4 0 100 37.371 2.675
26 32 15 16 4 0 100 37.207 2.664
26 32 16 17 4 0 100 36.099 2.643
26 32 17 18 4 0 100 36.710 2.638
26 32 18 19 4 0 100 36.077 2.609
26 32 19 20 4 0 100 38.090 2.589
26 32 20 21 4 0 100 36.987 2.572
26 32 21 22 4 0 100 39.977 2.550
26 32 22 23 4 0 100 40.967 2.547
26 32 23 24 4 0 100 40.049 2.532
26 32 24 25 4 0 100 42.530 2.501
26 32 25 26 4 0 100 41.824 2.502
26 32 26 27 4 0 100 43.186 2.495
26 32 27 28 4 0 100 52.221 2.475
26 32 28 29 4 0 100 47.809 2.475
26 32 29 30 4 0 100 52.238 2.445
26 32 30 31 4 0 100 67.180 2.404
26 32 31 32 4 0 100 56.197 2.384
26 32 32 33 4 0 100 69.505 2.547
26 32 33 34 4 0 100 100.000 2.593
26 32 34 35 4 0 100 100.000 2.340
26 32 35 36 4 0 100 100.000 2.524
26 32 36 37 4 0 100 100.000 2.300
26 32 37 38 4 0 100 100.000 2.265
26 32 38 39 4 0 100 8.856 96.030
26 32 39 40 4 0 100 10.833 98.172
26 32 40 41 4 0 100 9.867 91.759
26 32 41 42 4 0 100 24.169 41.504
26 32 42 43 4 0 100 96.826 92.486
26 32 43 44 4 0 100 11.535 94.314
26 32 44 45 4 0 100 31.619 94.115
32 40 0 1 4 0 100 30.392 83.825
32 40 1 2 4 0 100 55.130 3.057
32 40 2 3 4 0 100 38.869 3.130
32 40 3 4 4 0 100 32.276 3.141
32 40 4 5 4 0 100 31.775 3.076
32 40 5 6 4 0 100 31.657 3.071
32 40 6 7 4 0 100 31.836 3.011
32 40 7 8 4 0 100 31.945 2.969
32 40 8 9 4 0 100 33.091 2.962
32 40 9 10 4 0 100 30.811 2.946
32 40 10 11 4 0 100 34.037 2.909
32 40 11 12 4 0 100 32.728 2.869
32 40 12 13 4 0 100 32.658 2.865
32 40 13 14 4 0 100 34.319 2.822
32 40 14 15 4 0 100 34.349 2.819
32 40 15 16 4 0 100 34.773 2.798
32 40 16 17 4 0 100 34.230 2.784
32 40 17 18 4 0 100 35.929 2.746
32 40 18 19 4 0 100 37.403 2.749
32 40 19 20 4 0 100 34.578 2.744
32 40 20 21 4 0 100 36.006 2.733
32 40 21 22 4 0 100 37.142 2.689
32 40 22 23 4 0 100 36.764 2.684
32 40 23 24 4 0 100 36.237 2.673
32 40 24 25 4 0 100 36.693 2.679
32 40 25 26 4 0 100 37.530 2.677
32 40 26 27 4 0 100 43.047 2.636
32 40 27 28 4 0 100 43.258 2.598
32 40 28 29 4 0 100 40.524 2.640
32 40 29 30 4 0 100 46.421 2.591
32 40 30 31 4 0 100 57.838 2.559
32 40 31 32 4 0 100 45.522 2.550
32 40 32 33 4 0 100 58.985 2.483
32 40 33 34 4 0 100 67.783 2.544
32 40 34 35 4 0 100 98.059 2.410
32 40 35 36 4 0 100 69.752 2.525
32 40 36 37 4 0 100 100.000 2.581
32 40 37 38 4 0 100 98.883 2.596
32 40 38 39 4 0 100 100.000 2.436
32 40 39 40 4 0 100 100.000 2.618
32 40 40 41 4 0 100 100.000 2.326
32 40 41 42 4 0 100 100.000 2.531
32 40 42 43 4 0 100 100.000 2.264
32 40 43 44 4 0 100 10.542 99.987
32 40 44 45 4 0 100 96.986 62.677
40 51 0 1 4 0 100 6.340 99.999
40 51 1 2 4 0 100 100.000 3.142
40 51 2 3 4 0 100 46.571 3.178
40 51 3 4 4 0 100 34.548 3.259
40 51 4 5 4 0 100 33.152 3.244
40 51 5 6 4 0 100 29.108 3.198
40 51 6 7 4 0 100 30.638 3.195
40 51 7 8 4 0 100 30.369 3.127
40 51 8 9 4 0 100 32.265 3.099
40 51 9 10 4 0 100 32.136 3.082
40 51 10 11 4 0 100 32.583 3.054
40 51 11 12 4 0 100 31.773 3.043
40 51 12 13 4 0 100 33.452 3.019
40 51 13 14 4 0 100 33.705 2.986
40 51 14 15 4 0 100 32.466 2.980
40 51 15 16 4 0 100 33.359 2.951
40 51 16 17 4 0 100 33.056 2.937
40 51 17 18 4 0 100 34.480 2.928
40 51 18 19 4 0 100 33.819 2.900
40 51 19 20 4 0 100 34.355 2.908
40 51 20 21 4 0 100 33.899 2.870
40 51 21 22 4 0 100 36.608 2.858
40 51 22 23 4 0 100 36.843 2.846
40 51 23 24 4 0 100 37.313 2.849
40 51 24 25 4 0 100 38.867 2.808
40 51 25 26 4 0 100 37.565 2.805
40 51 26 27 4 0 100 41.101 2.786
40 51 27 28 4 0 100 36.880 2.794
40 51 28 29 4 0 100 36.882 2.721
40 51 29 30 4 0 100 39.332 2.759
40 51 30 31 4 0 100 49.179 2.695
40 51 31 32 4 0 100 51.291 2.712
40 51 32 33 4 0 100 58.142 2.696
40 51 33 34 4 0 100 64.177 2.696
40 51 34 35 4 0 100 64.989 2.677
40 51 35 36 4 0 100 68.438 2.730
40 51 36 37 4 0 100 100.000 2.771
40 51 37 38 4 0 100 94.298 2.558
40 51 38 39 4 0 100 100.000 2.529
40 51 39 40 4 0 100 100.000 2.532
40 51 40 41 4 0 100 100.000 2.289
40 51 41 42 4 0 100 100.000 2.665
40 51 42 43 4 0 100 41.158 70.610
40 51 43 44 4 0 100 100.000 2.619
40 51 44 45 4 0 100 65.397 62.309
51 64 0 1 4 0 100 22.583 94.918
51 64 1 2 4 0 100 76.100 3.367
51 64 2 3 4 0 100 41.199 3.422
51 64 3 4 4 0 100 34.958 3.448
51 64 4 5 4 0 100 31.978 3.391
51 64 5 6 4 0 100 31.102 3.345
51 64 6 7 4 0 100 28.925 3.343
51 64 7 8 4 0 100 32.112 3.290
51 64 8 9 4 0 100 30.214 3.268
51 64 9 10 4 0 100 30.543 3.244
51 64 10 11 4 0 100 30.728 3.236
51 64 11 12 4 0 100 31.852 3.201
51 64 12 13 4 0 100 31.100 3.187
51 64 13 14 4 0 100 32.437 3.163
51 64 14 15 4 0 100 32.205 3.139
51 64 15 16 4 0 100 32.611 3.116
51 64 16 17 4 0 100 33.433 3.097
51 64 17 18 4 0 100 33.144 3.085
51 64 18 19 4 0 100 33.515 3.090
51 64 19 20 4 0 100 35.661 3.050
51 64 20 21 4 0 100 34.553 3.022
51 64 21 22 4 0 100 34.738 3.028
51 64 22 23 4 0 100 34.713 2.994
51 64 23 24 4 0 100 38.493 2.965
51 64 24 25 4 0 100 36.172 2.947
51 64 25 26 4 0 100 38.318 2.964
51 64 26 27 4 0 100 39.400 2.943
51 64 27 28 4 0 100 42.212 2.922
51 64 28 29 4 0 100 41.268 2.930
51 64 29 30 4 0 100 40.049 2.897
51 64 30 31 4 0 100 49.730 2.889
51 64 31 32 4 0 100 50.278 2.897
51 64 32 33 4 0 100 50.132 2.888
51 64 33 34 4 0 100 45.874 2.867
51 64 34 35 4 0 100 66.181 2.912
51 64 35 36 4 0 100 61.826 2.783
51 64 36 37 4 0 100 100.000 2.877
51 64 37 38 4 0 100 100.000 3.233
51 64 38 39 4 0 100 100.000 2.802
51 64 39 40 4 0 100 100.000 2.703
51 64 40 41 4 0 100 100.000 2.489
51 64 41 42 4 0 100 100.000 2.661
51 64 42 43 4 0 100 41.247 29.375
51 64 43 44 4 0 100 87.339 79.050
51 64 44 45 4 0 100 81.546 48.561
64 80 0 1 4 0 100 7.788 94.871
64 80 1 2 4 0 100 86.534 3.237
64 80 2 3 4 0 100 51.183 3.424
64 80 3 4 4 0 100 31.817 3.497
64 80 4 5 4 0 100 30.437 3.495
64 80 5 6 4 0 100 31.357 3.514
64 80 6 7 4 0 100 29.947 3.449
64 80 7 8 4 0 100 29.928 3.448
64 80 8 9 4 0 100 29.941 3.398
64 80 9 10 4 0 100 29.862 3.407
64 80 10 11 4 0 100 31.012 3.327
64 80 11 12 4 0 100 30.914 3.349
64 80 12 13 4 0 100 31.372 3.332
64 80 13 14 4 0 100 31.861 3.299
64 80 14 15 4 0 100 33.248 3.276
64 80 15 16 4 0 100 33.302 3.284
64 80 16 17 4 0 100 32.558 3.238
64 80 17 18 4 0 100 32.554 3.246
64 80 18 19 4 0 100 34.851 3.227
64 80 19 20 4 0 100 36.362 3.203
64 80 20 21 4 0 100 35.127 3.196
64 80 21 22 4 0 100 35.220 3.149
64 80 22 23 4 0 100 36.167 3.139
64 80 23 24 4 0 100 36.659 3.148
64 80 24 25 4 0 100 36.707 3.131
64 80 25 26 4 0 100 37.247 3.136
64 80 26 27 4 0 100 36.813 3.097
64 80 27 28 4 0 100 42.089 3.092
64 80 28 29 4 0 100 39.236 3.010
64 80 29 30 4 0 100 52.364 3.068
64 80 30 31 4 0 100 49.696 3.049
64 80 31 32 4 0 100 54.716 3.094
64 80 32 33 4 0 100 64.619 3.069
64 80 33 34 4 0 100 54.765 2.998
64 80 34 35 4 0 100 54.591 2.942
64 80 35 36 4 0 100 54.163 2.897
64 80 36 37 4 0 100 78.100 2.963
64 80 37 38 4 0 100 79.847 2.999
64 80 38 39 4 0 100 100.000 2.790
64 80 39 40 4 0 100 100.000 3.063
64 80 40 41 4 0 100 6.206 95.096
64 80 41 42 4 0 100 8.995 94.308
64 80 42 43 4 0 100 18.432 57.095
64 80 43 44 4 0 100 12.741 64.667
64 80 44 45 4 0 100 7.343 100.000
80 101 0 1 4 0 100 99.607 21.323
80 101 1 2 4 0 100 100.000 4.169
80 101 2 3 4 0 100 43.742 3.727
80 101 3 4 4 0 100 31.658 3.663
80 101 4 5 4 0 100 31.342 3.689
80 101 5 6 4 0 100 31.282 3.666
80 101 6 7 4 0 100 30.323 3.599
80 101 7 8 4 0 100 29.836 3.602
80 101 8 9 4 0 100 29.098 3.549
80 101 9 10 4 0 100 30.715 3.530
80 101 10 11 4 0 100 29.899 3.502
80 101 11 12 4 0 100 31.868 3.500
80 101 12 13 4 0 100 31.749 3.470
80 101 13 14 4 0 100 31.642 3.449
80 101 14 15 4 0 100 32.435 3.447
80 101 15 16 4 0 100 32.952 3.401
80 101 16 17 4 0 100 33.344 3.386
80 101 17 18 4 0 100 34.404 3.371
80 101 18 19 4 0 100 32.615 3.373
80 101 19 20 4 0 100 35.062 3.383
80 101 20 21 4 0 100 36.554 3.331
80 101 21 22 4 0 100 35.216 3.328
80 101 22 23 4 0 100 34.499 3.321
80 101 23 24 4 0 100 36.879 3.282
80 101 24 25 4 0 100 37.089 3.250
80 101 25 26 4 0 100 36.730 3.220
80 101 26 27 4 0 100 43.132 3.255
80 101 27 28 4 0 100 50.654 3.250
80 101 28 29 4 0 100 43.231 3.222
80 101 29 30 4 0 100 50.808 3.188
80 101 30 31 4 0 100 46.200 3.151
80 101 31 32 4 0 100 56.127 3.230
80 101 32 33 4 0 100 60.038 3.120
80 101 33 34 4 0 100 58.221 2.988
80 101 34 35 4 0 100 100.000 3.198
80 101 35 36 4 0 100 100.000 3.218
80 101 36 37 4 0 100 80.791 3.039
80 101 37 38 4 0 100 100.000 3.333
80 101 38 39 4 0 100 100.000 3.480
80 101 39 40 4 0 100 9.887 64.112
80 101 40 41 4 0 100 8.804 71.941
80 101 41 42 4 0 100 9.780 75.260
80 101 42 43 4 0 100 13.421 55.406
80 101 43 44 4 0 100 53.853 70.621
101 127 1 2 4 0 100 4.088 99.998
101 127 2 3 4 0 100 64.545 3.711
101 127 3 4 4 0 100 32.879 3.822
101 127 4 5 4 0 100 33.721 3.821
101 127 5 6 4 0 100 31.888 3.797
101 127 6 7 4 0 100 32.399 3.741
101 127 7 8 4 0 100 33.117 3.719
101 127 8 9 4 0 100 30.395 3.679
101 127 9 10 4 0 100 30.039 3.665
101 127 10 11 4 0 100 30.441 3.643
101 127 11 12 4 0 100 32.067 3.664
101 127 12 13 4 0 100 33.463 3.615
101 127 13 14 4 0 100 32.115 3.607
101 127 14 15 4 0 100 33.476 3.598
101 127 15 16 4 0 100 35.401 3.593
101 127 16 17 4 0 100 33.658 3.567
101 127 17 18 4 0 100 36.072 3.568
101 127 18 19 4 0 100 35.256 3.511
101 127 19 20 4 0 100 36.540 3.490
101 127 20 21 4 0 100 37.538 3.523
101 127 21 22 4 0 100 36.904 3.489
101 127 22 23 4 0 100 40.211 3.458
101 127 23 24 4 0 100 36.497 3.500
101 127 24 25 4 0 100 41.714 3.388
101 127 25 26 4 0 100 46.340 3.420
101 127 26 27 4 0 100 50.090 3.441
101 127 27 28 4 0 100 51.186 3.378
101 127 28 29 4 0 100 56.742 3.473
101 127 29 30 4 0 100 51.451 3.437
101 127 30 31 4 0 100 55.924 3.275
101 127 31 32 4 0 100 65.192 3.353
101 127 32 33 4 0 100 95.745 3.287
101 127 33 34 4 0 100 70.676 3.240
101 127 34 35 4 0 100 100.000 3.675
101 127 35 36 4 0 100 26.698 3.231
101 127 36 37 4 0 100 100.000 3.020
101 127 37 38 4 0 100 57.338 26.659
101 127 38 39 4 0 100 75.844 29.467
101 127 39 40 4 0 100 63.592 28.566
101 127 40 41 4 0 100 44.217 36.437
101 127 41 42 4 0 100 13.335 54.322
101 127 42 43 4 0 100 14.972 62.096
101 127 43 44 4 0 100 71.175 48.719
101 127 44 45 4 0 100 22.382 45.699
127 159 1 2 4 0 100 15.784 34.962
127 159 2 3 4 0 100 100.000 3.693
127 159 3 4 4 0 100 49.566 3.838
127 159 4 5 4 0 100 42.370 3.880
127 159 5 6 4 0 100 30.529 3.893
127 159 6 7 4 0 100 34.602 3.891
127 159 7 8 4 0 100 33.924 3.837
127 159 8 9 4 0 100 35.092 3.807
127 159 9 10 4 0 100 33.486 3.828
127 159 10 11 4 0 100 32.615 3.811
127 159 11 12 4 0 100 33.444 3.778
127 159 12 13 4 0 100 33.889 3.808
127 159 13 14 4 0 100 33.210 3.769
127 159 14 15 4 0 100 37.512 3.777
127 159 15 16 4 0 100 36.065 3.733
127 159 16 17 4 0 100 38.079 3.730
127 159 17 18 4 0 100 37.652 3.668
127 159 18 19 4 0 100 38.389 3.683
127 159 19 20 4 0 100 38.754 3.677
127 159 20 21 4 0 100 39.463 3.597
127 159 21 22 4 0 100 36.680 3.580
127 159 22 23 4 0 100 39.235 3.597
127 159 23 24 4 0 100 44.876 3.645
127 159 24 25 4 0 100 45.452 3.559
127 159 25 26 4 0 100 53.436 3.614
127 159 26 27 4 0 100 56.319 3.566
127 159 27 28 4 0 100 59.523 3.516
127 159 28 29 4 0 100 62.305 3.370
127 159 29 30 4 0 100 77.397 3.613
127 159 30 31 4 0 100 60.605 3.469
127 159 31 32 4 0 100 100.000 3.674
127 159 32 33 4 0 100 100.000 3.423
127 159 33 34 4 0 100 100.000 3.621
127 159 34 35 4 0 100 100.000 2.852
127 159 35 36 4 0 100 100.000 3.371
127 159 37 38 4 0 100 11.054 56.507
127 159 38 39 4 0 100 27.248 66.149
127 159 39 40 4 0 100 10.117 97.878
127 159 43 44 4 0 100 10.498 78.254
127 159 44 45 4 0 100 8.636 95.722
159 201 1 2 4 0 100 10.030 52.938
159 201 2 3 4 0 100 4.060 100.000
159 201 3 4 4 0 100 100.000 4.251
159 201 4 5 4 0 100 68.228 4.111
159 201 5 6 4 0 100 42.561 4.104
159 201 6 7 4 0 100 50.137 4.058
159 201 7 8 4 0 100 49.578 4.085
159 201 8 9 4 0 100 45.260 3.973
159 201 9 10 4 0 100 39.862 4.032
159 201 10 11 4 0 100 47.133 4.059
159 201 11 12 4 0 100 38.703 3.952
159 201 12 13 4 0 100 43.571 4.025
159 201 13 14 4 0 100 38.194 3.935
159 201 14 15 4 0 100 41.498 3.952
159 201 15 16 4 0 100 41.414 3.864
159 201 16 17 4 0 100 43.988 3.842
159 201 17 18 4 0 100 51.732 3.849
159 201 18 19 4 0 100 49.294 3.800
159 201 19 20 4 0 100 59.819 3.815
159 201 20 21 4 0 100 57.664 3.915
159 201 21 22 4 0 100 58.422 3.756
159 201 22 23 4 0 100 66.650 3.844
159 201 23 24 4 0 100 87.462 3.785
159 201 24 25 4 0 100 57.852 3.619
159 201 25 26 4 0 100 68.064 3.728
159 201 26 27 4 0 100 88.906 3.619
159 201 27 28 4 0 100 100.000 3.531
159 201 28 29 4 0 100 100.000 3.921
159 201 29 30 4 0 100 3.948 99.516
159 201 30 31 4 0 100 4.341 99.982
159 201 31 32 4 0 100 7.647 62.682
159 201 32 33 4 0 100 23.571 35.074
159 201 33 34 4 0 100 7.341 70.252
159 201 34 35 4 0 100 24.270 52.131
159 201 35 36 4 0 100 8.849 71.102
201 252 4 5 4 0 100 4.120 100.000
201 252 5 6 4 0 100 97.543 16.727
201 252 6 7 4 0 100 100.000 4.671
201 252 7 8 4 0 100 100.000 4.243
201 252 8 9 4 0 100 100.000 4.143
201 252 9 10 4 0 100 100.000 3.673
201 252 10 11 4 0 100 56.014 4.046
201 252 11 12 4 0 100 100.000 4.232
201 252 12 13 4 0 100 100.000 3.914
201 252 13 14 4 0 100 82.036 4.071
201 252 14 15 4 0 100 100.000 4.311
201 252 15 16 4 0 100 84.771 4.140
201 252 16 17 4 0 100 2.628 100.000
201 252 17 18 4 0 100 100.000 4.230
201 252 18 19 4 0 100 100.000 4.158
201 252 19 20 4 0 100 100.000 3.951
201 252 20 21 4 0 100 100.000 3.976
201 252 21 22 4 0 100 100.000 3.969
201 252 22 23 4 0 100 25.943 3.990
201 252 23 24 4 0 100 100.000 3.808
201 252 24 25 4 0 100 4.065 100.000
201 252 25 26 4 0 100 4.212 100.000
201 252 26 27 4 0 100 10.878 84.948
201 252 27 28 4 0 100 4.773 96.705
201 252 28 29 4 0 100 17.886 38.698
201 252 29 30 4 0 100 7.093 90.736
201 252 34 35 4 0 100 8.448 97.401
252 317 3 4 4 0 100 20.285 36.775
252 317 7 8 4 0 100 4.826 99.998
252 317 9 10 4 0 100 4.807 99.999
252 317 10 11 4 0 100 4.269 100.000
252 317 12 13 4 0 100 4.266 100.000
252 317 17 18 4 0 100 4.865 100.000
252 317 22 23 4 0 100 6.072 91.247
[gluon]
{2 JetPt Rho 1 x TMath::Exp(-1.*x*[0]/[1])*TMath::Power(x,[0]-1)*TMath::Power([1]/[0],-1.*[0])/TMath::Gamma([0]) Correction QGL_axis2_QC_F_gluon}
20 26 0 1 4 0 100 66.407 22.729
20 26 1 2 4 0 100 100.000 2.605
20 26 2 3 4 0 100 43.893 2.621
20 26 3 4 4 0 100 40.484 2.601
20 26 4 5 4 0 100 40.556 2.521
20 26 5 6 4 0 100 39.378 2.519
20 26 6 7 4 0 100 39.485 2.483
20 26 7 8 4 0 100 43.016 2.465
20 26 8 9 4 0 100 41.971 2.440
20 26 9 10 4 0 100 40.670 2.404
20 26 10 11 4 0 100 41.652 2.383
20 26 11 12 4 0 100 42.468 2.366
20 26 12 13 4 0 100 43.277 2.343
20 26 13 14 4 0 100 42.541 2.330
20 26 14 15 4 0 100 45.522 2.321
20 26 15 16 4 0 100 43.557 2.302
20 26 16 17 4 0 100 45.680 2.278
20 26 17 18 4 0 100 44.473 2.264
20 26 18 19 4 0 100 47.367 2.257
20 26 19 20 4 0 100 46.267 2.250
20 26 20 21 4 0 100 51.073 2.229
20 26 21 22 4 0 100 48.798 2.215
20 26 22 23 4 0 100 51.923 2.202
20 26 23 24 4 0 100 47.736 2.190
20 26 24 25 4 0 100 58.321 2.189
20 26 25 26 4 0 100 48.409 2.200
20 26 26 27 4 0 100 59.937 2.184
20 26 27 28 4 0 100 70.415 2.125
20 26 28 29 4 0 100 58.588 2.224
20 26 29 30 4 0 100 82.770 2.122
20 26 30 31 4 0 100 95.417 2.134
20 26 31 32 4 0 100 100.000 1.955
20 26 32 33 4 0 100 97.586 2.157
20 26 33 34 4 0 100 100.000 2.119
20 26 34 35 4 0 100 100.000 2.071
20 26 35 36 4 0 100 100.000 2.133
20 26 36 37 4 0 100 100.000 1.920
20 26 37 38 4 0 100 100.000 2.002
20 26 38 39 4 0 100 100.000 1.878
20 26 39 40 4 0 100 100.000 2.193
20 26 40 41 4 0 100 38.311 36.466
20 26 41 42 4 0 100 100.000 2.173
20 26 42 43 4 0 100 14.493 79.726
20 26 43 44 4 0 100 75.672 76.648
20 26 44 45 4 0 100 23.596 77.126
26 32 0 1 4 0 100 59.703 74.314
26 32 1 2 4 0 100 100.000 2.555
26 32 2 3 4 0 100 68.570 2.535
26 32 3 4 4 0 100 40.505 2.701
26 32 4 5 4 0 100 44.063 2.646
26 32 5 6 4 0 100 42.877 2.596
26 32 6 7 4 0 100 37.936 2.569
26 32 7 8 4 0 100 38.038 2.546
26 32 8 9 4 0 100 40.871 2.525
26 32 9 10 4 0 100 39.787 2.499
26 32 10 11 4 0 100 38.015 2.473
26 32 11 12 4 0 100 42.638 2.432
26 32 12 13 4 0 100 42.587 2.436
26 32 13 14 4 0 100 44.783 2.405
26 32 14 15 4 0 100 42.718 2.393
26 32 15 16 4 0 100 45.994 2.380
26 32 16 17 4 0 100 45.814 2.372
26 32 17 18 4 0 100 45.429 2.358
26 32 18 19 4 0 100 46.033 2.346
26 32 19 20 4 0 100 48.707 2.332
26 32 20 21 4 0 100 45.051 2.328
26 32 21 22 4 0 100 53.787 2.306
26 32 22 23 4 0 100 51.615 2.321
26 32 23 24 4 0 100 44.231 2.298
26 32 24 25 4 0 100 51.418 2.272
26 32 25 26 4 0 100 48.223 2.270
26 32 26 27 4 0 100 54.364 2.261
26 32 27 28 4 0 100 70.466 2.241
26 32 28 29 4 0 100 51.591 2.295
26 32 29 30 4 0 100 70.693 2.251
26 32 30 31 4 0 100 78.547 2.215
26 32 31 32 4 0 100 91.562 2.113
26 32 32 33 4 0 100 100.000 2.196
26 32 33 34 4 0 100 100.000 2.110
26 32 34 35 4 0 100 100.000 2.219
26 32 35 36 4 0 100 100.000 2.203
26 32 36 37 4 0 100 100.000 2.264
26 32 37 38 4 0 100 100.000 1.988
26 32 38 39 4 0 100 9.305 100.000
26 32 39 40 4 0 100 100.000 2.167
26 32 40 41 4 0 100 100.000 2.294
26 32 41 42 4 0 100 75.277 49.896
26 32 42 43 4 0 100 25.869 64.581
26 32 43 44 4 0 100 78.232 68.002
26 32 44 45 4 0 100 82.336 99.560
32 40 0 1 4 0 100 14.227 99.093
32 40 1 2 4 0 100 100.000 2.704
32 40 2 3 4 0 100 54.580 2.698
32 40 3 4 4 0 100 43.669 2.722
32 40 4 5 4 0 100 41.023 2.716
32 40 5 6 4 0 100 39.271 2.691
32 40 6 7 4 0 100 38.389 2.657
32 40 7 8 4 0 100 41.284 2.628
32 40 8 9 4 0 100 40.235 2.605
32 40 9 10 4 0 100 38.496 2.605
32 40 10 11 4 0 100 38.988 2.557
32 40 11 12 4 0 100 40.555 2.561
32 40 12 13 4 0 100 40.976 2.538
32 40 13 14 4 0 100 43.184 2.492
32 40 14 15 4 0 100 40.397 2.503
32 40 15 16 4 0 100 39.428 2.482
32 40 16 17 4 0 100 45.650 2.444
32 40 17 18 4 0 100 41.635 2.444
32 40 18 19 4 0 100 47.772 2.413
32 40 19 20 4 0 100 44.561 2.451
32 40 20 21 4 0 100 41.862 2.421
32 40 21 22 4 0 100 44.620 2.409
32 40 22 23 4 0 100 47.198 2.418
32 40 23 24 4 0 100 48.735 2.387
32 40 24 25 4 0 100 51.676 2.380
32 40 25 26 4 0 100 49.670 2.343
32 40 26 27 4 0 100 54.354 2.362
32 40 27 28 4 0 100 52.502 2.362
32 40 28 29 4 0 100 61.350 2.304
32 40 29 30 4 0 100 55.768 2.288
32 40 30 31 4 0 100 60.252 2.324
32 40 31 32 4 0 100 65.362 2.344
32 40 32 33 4 0 100 64.649 2.316
32 40 33 34 4 0 100 71.726 2.226
32 40 34 35 4 0 100 86.481 2.296
32 40 35 36 4 0 100 100.000 2.254
32 40 36 37 4 0 100 100.000 2.186
32 40 37 38 4 0 100 100.000 2.054
32 40 38 39 4 0 100 12.185 80.897
32 40 39 40 4 0 100 72.053 39.838
32 40 40 41 4 0 100 100.000 2.253
32 40 41 42 4 0 100 28.225 43.388
32 40 42 43 4 0 100 52.396 92.801
32 40 43 44 4 0 100 49.397 64.790
32 40 44 45 4 0 100 54.178 28.857
40 51 0 1 4 0 100 11.035 99.994
40 51 1 2 4 0 100 100.000 2.608
40 51 2 3 4 0 100 91.637 2.853
40 51 3 4 4 0 100 41.673 2.894
40 51 4 5 4 0 100 38.443 2.830
40 51 5 6 4 0 100 38.375 2.780
40 51 6 7 4 0 100 39.016 2.746
40 51 7 8 4 0 100 36.991 2.762
40 51 8 9 4 0 100 41.094 2.711
40 51 9 10 4 0 100 40.251 2.688
40 51 10 11 4 0 100 39.419 2.689
40 51 11 12 4 0 100 39.483 2.659
40 51 12 13 4 0 100 36.516 2.662
40 51 13 14 4 0 100 38.982 2.632
40 51 14 15 4 0 100 39.813 2.630
40 51 15 16 4 0 100 39.492 2.607
40 51 16 17 4 0 100 38.677 2.603
40 51 17 18 4 0 100 40.812 2.585
40 51 18 19 4 0 100 40.998 2.548
40 51 19 20 4 0 100 39.775 2.535
40 51 20 21 4 0 100 40.769 2.538
40 51 21 22 4 0 100 43.869 2.524
40 51 22 23 4 0 100 44.206 2.500
40 51 23 24 4 0 100 48.878 2.506
40 51 24 25 4 0 100 45.319 2.472
40 51 25 26 4 0 100 52.741 2.508
40 51 26 27 4 0 100 46.679 2.488
40 51 27 28 4 0 100 69.408 2.436
40 51 28 29 4 0 100 56.534 2.430
40 51 29 30 4 0 100 59.963 2.421
40 51 30 31 4 0 100 60.626 2.444
40 51 31 32 4 0 100 65.275 2.468
40 51 32 33 4 0 100 100.000 2.418
40 51 33 34 4 0 100 100.000 2.297
40 51 34 35 4 0 100 100.000 2.529
40 51 35 36 4 0 100 100.000 2.338
40 51 36 37 4 0 100 100.000 2.196
40 51 37 38 4 0 100 100.000 2.431
40 51 38 39 4 0 100 100.000 2.265
40 51 39 40 4 0 100 27.793 42.195
40 51 40 41 4 0 100 51.052 73.004
40 51 41 42 4 0 100 100.000 2.366
40 51 42 43 4 0 100 99.151 48.626
40 51 43 44 4 0 100 40.821 35.083
40 51 44 45 4 0 100 99.789 85.872
51 64 0 1 4 0 100 10.282 91.596
51 64 1 2 4 0 100 100.000 2.759
51 64 2 3 4 0 100 73.341 2.899
51 64 3 4 4 0 100 60.243 2.877
51 64 4 5 4 0 100 46.377 2.885
51 64 5 6 4 0 100 37.972 2.913
51 64 6 7 4 0 100 39.647 2.888
51 64 7 8 4 0 100 35.667 2.841
51 64 8 9 4 0 100 38.210 2.858
51 64 9 10 4 0 100 40.685 2.808
51 64 10 11 4 0 100 41.778 2.784
51 64 11 12 4 0 100 37.151 2.794
51 64 12 13 4 0 100 39.726 2.770
51 64 13 14 4 0 100 37.994 2.773
51 64 14 15 4 0 100 37.526 2.741
51 64 15 16 4 0 100 39.606 2.732
51 64 16 17 4 0 100 40.195 2.715
51 64 17 18 4 0 100 39.069 2.719
51 64 18 19 4 0 100 39.566 2.700
51 64 19 20 4 0 100 40.490 2.710
51 64 20 21 4 0 100 43.279 2.693
51 64 21 22 4 0 100 42.101 2.650
51 64 22 23 4 0 100 45.736 2.661
51 64 23 24 4 0 100 48.471 2.636
51 64 24 25 4 0 100 49.765 2.578
51 64 25 26 4 0 100 49.692 2.630
51 64 26 27 4 0 100 50.642 2.635
51 64 27 28 4 0 100 53.617 2.644
51 64 28 29 4 0 100 60.425 2.555
51 64 29 30 4 0 100 61.139 2.514
51 64 30 31 4 0 100 74.273 2.587
51 64 31 32 4 0 100 100.000 2.649
51 64 32 33 4 0 100 69.251 2.595
51 64 33 34 4 0 100 95.178 2.613
51 64 34 35 4 0 100 100.000 2.384
51 64 35 36 4 0 100 100.000 2.444
51 64 36 37 4 0 100 100.000 2.549
51 64 37 38 4 0 100 23.417 47.414
51 64 38 39 4 0 100 49.230 95.457
51 64 39 40 4 0 100 15.907 68.810
51 64 40 41 4 0 100 69.670 34.246
51 64 41 42 4 0 100 72.558 40.430
51 64 42 43 4 0 100 18.361 87.915
51 64 43 44 4 0 100 78.310 50.274
51 64 44 45 4 0 100 77.121 60.566
64 80 0 1 4 0 100 12.866 97.142
64 80 1 2 4 0 100 25.318 38.939
64 80 2 3 4 0 100 47.625 47.356
64 80 3 4 4 0 100 61.863 3.040
64 80 4 5 4 0 100 54.085 2.966
64 80 5 6 4 0 100 39.444 3.036
64 80 6 7 4 0 100 37.109 3.012
64 80 7 8 4 0 100 39.636 2.973
64 80 8 9 4 0 100 39.444 2.981
64 80 9 10 4 0 100 41.442 2.974
64 80 10 11 4 0 100 39.741 2.960
64 80 11 12 4 0 100 39.460 2.951
64 80 12 13 4 0 100 39.201 2.912
64 80 13 14 4 0 100 40.216 2.881
64 80 14 15 4 0 100 40.089 2.867
64 80 15 16 4 0 100 41.829 2.854
64 80 16 17 4 0 100 39.945 2.827
64 80 17 18 4 0 100 44.625 2.828
64 80 18 19 4 0 100 42.905 2.818
64 80 19 20 4 0 100 42.770 2.829
64 80 20 21 4 0 100 44.737 2.796
64 80 21 22 4 0 100 40.264 2.782
64 80 22 23 4 0 100 39.001 2.724
64 80 23 24 4 0 100 48.969 2.760
64 80 24 25 4 0 100 55.723 2.620
64 80 25 26 4 0 100 68.641 2.747
64 80 26 27 4 0 100 53.753 2.677
64 80 27 28 4 0 100 55.322 2.675
64 80 28 29 4 0 100 95.956 2.625
64 80 29 30 4 0 100 100.000 2.575
64 80 30 31 4 0 100 100.000 2.884
64 80 31 32 4 0 100 87.216 2.744
64 80 32 33 4 0 100 100.000 2.534
64 80 33 34 4 0 100 100.000 2.411
64 80 34 35 4 0 100 100.000 2.521
64 80 35 36 4 0 100 100.000 2.749
64 80 36 37 4 0 100 57.896 50.517
64 80 37 38 4 0 100 100.000 2.696
64 80 38 39 4 0 100 89.543 27.387
64 80 39 40 4 0 100 20.845 50.979
64 80 40 41 4 0 100 14.046 86.436
64 80 41 42 4 0 100 97.508 36.738
64 80 42 43 4 0 100 20.678 50.834
64 80 43 44 4 0 100 99.437 55.367
64 80 44 45 4 0 100 41.364 91.960
80 101 0 1 4 0 100 99.743 23.158
80 101 1 2 4 0 100 100.000 2.868
80 101 2 3 4 0 100 100.000 3.119
80 101 3 4 4 0 100 68.952 3.289
80 101 4 5 4 0 100 58.921 3.137
80 101 5 6 4 0 100 50.407 3.177
80 101 6 7 4 0 100 41.568 3.096
80 101 7 8 4 0 100 42.075 3.141
80 101 8 9 4 0 100 39.168 3.088
80 101 9 10 4 0 100 43.005 3.078
80 101 10 11 4 0 100 39.596 3.107
80 101 11 12 4 0 100 37.819 3.039
80 101 12 13 4 0 100 43.475 3.067
80 101 13 14 4 0 100 38.544 3.050
80 101 14 15 4 0 100 36.394 3.016
80 101 15 16 4 0 100 40.483 3.010
80 101 16 17 4 0 100 41.087 2.980
80 101 17 18 4 0 100 42.862 3.006
80 101 18 19 4 0 100 39.287 3.012
80 101 19 20 4 0 100 51.397 2.947
80 101 20 21 4 0 100 45.844 2.950
80 101 21 22 4 0 100 53.678 2.951
80 101 22 23 4 0 100 47.865 2.914
80 101 23 24 4 0 100 88.163 2.894
80 101 24 25 4 0 100 69.112 2.887
80 101 25 26 4 0 100 68.499 2.838
80 101 26 27 4 0 100 87.585 2.824
80 101 27 28 4 0 100 85.844 2.830
80 101 28 29 4 0 100 100.000 2.936
80 101 29 30 4 0 100 97.954 2.898
80 101 30 31 4 0 100 5.207 99.877
80 101 31 32 4 0 100 100.000 3.158
80 101 32 33 4 0 100 100.000 2.791
80 101 33 34 4 0 100 14.472 61.446
80 101 34 35 4 0 100 8.519 84.857
80 101 35 36 4 0 100 9.126 87.610
80 101 36 37 4 0 100 10.648 99.783
80 101 37 38 4 0 100 22.346 79.889
80 101 38 39 4 0 100 51.422 38.898
80 101 39 40 4 0 100 93.357 25.215
80 101 40 41 4 0 100 90.024 27.281
80 101 41 42 4 0 100 11.256 83.468
80 101 42 43 4 0 100 93.562 18.837
80 101 43 44 4 0 100 96.414 67.729
101 127 1 2 4 0 100 10.878 61.938
101 127 2 3 4 0 100 48.437 48.211
101 127 3 4 4 0 100 15.812 3.552
101 127 4 5 4 0 100 93.176 3.094
101 127 5 6 4 0 100 51.104 3.174
101 127 6 7 4 0 100 66.679 3.198
101 127 7 8 4 0 100 55.700 3.319
101 127 8 9 4 0 100 44.774 3.300
101 127 9 10 4 0 100 52.250 3.163
101 127 10 11 4 0 100 43.430 3.167
101 127 11 12 4 0 100 51.608 3.078
101 127 12 13 4 0 100 61.163 3.130
101 127 13 14 4 0 100 43.955 3.278
101 127 14 15 4 0 100 44.156 3.150
101 127 15 16 4 0 100 43.571 3.124
101 127 16 17 4 0 100 66.548 3.189
101 127 17 18 4 0 100 58.842 3.119
101 127 18 19 4 0 100 63.337 3.146
101 127 19 20 4 0 100 68.038 3.019
101 127 20 21 4 0 100 63.871 3.062
101 127 21 22 4 0 100 69.533 3.117
101 127 22 23 4 0 100 89.374 3.083
101 127 23 24 4 0 100 100.000 2.892
101 127 24 25 4 0 100 56.967 2.881
101 127 25 26 4 0 100 86.285 3.028
101 127 26 27 4 0 100 84.222 2.864
101 127 27 28 4 0 100 100.000 2.743
101 127 28 29 4 0 100 100.000 2.999
101 127 29 30 4 0 100 100.000 2.838
101 127 30 31 4 0 100 30.089 3.252
101 127 31 32 4 0 100 100.000 2.949
101 127 32 33 4 0 100 12.686 64.816
101 127 33 34 4 0 100 20.157 99.688
101 127 34 35 4 0 100 10.855 76.504
101 127 35 36 4 0 100 94.140 75.922
101 127 36 37 4 0 100 8.887 99.394
101 127 37 38 4 0 100 25.735 46.526
101 127 38 39 4 0 100 77.285 60.555
101 127 39 40 4 0 100 58.135 68.246
101 127 40 41 4 0 100 16.823 99.909
101 127 41 42 4 0 100 92.994 36.004
101 127 42 43 4 0 100 56.330 34.583
101 127 43 44 4 0 100 96.019 81.107
101 127 44 45 4 0 100 74.229 87.030
127 159 1 2 4 0 100 11.277 79.940
127 159 2 3 4 0 100 8.668 72.108
127 159 3 4 4 0 100 12.618 44.970
127 159 4 5 4 0 100 100.000 3.029
127 159 5 6 4 0 100 3.945 99.991
127 159 6 7 4 0 100 95.438 3.105
127 159 7 8 4 0 100 87.105 3.217
127 159 8 9 4 0 100 100.000 3.144
127 159 9 10 4 0 100 71.925 3.302
127 159 10 11 4 0 100 100.000 3.049
127 159 11 12 4 0 100 100.000 3.160
127 159 12 13 4 0 100 73.599 3.341
127 159 13 14 4 0 100 64.455 3.248
127 159 14 15 4 0 100 61.755 3.241
127 159 15 16 4 0 100 100.000 3.150
127 159 16 17 4 0 100 89.169 3.092
127 159 17 18 4 0 100 100.000 3.571
127 159 18 19 4 0 100 96.909 3.074
127 159 19 20 4 0 100 100.000 2.980
127 159 20 21 4 0 100 100.000 3.359
127 159 21 22 4 0 100 100.000 2.720
127 159 22 23 4 0 100 100.000 2.813
127 159 23 24 4 0 100 7.871 58.958
127 159 24 25 4 0 100 100.000 3.328
127 159 25 26 4 0 100 100.000 2.956
127 159 26 27 4 0 100 17.241 48.001
127 159 27 28 4 0 100 100.000 2.929
127 159 28 29 4 0 100 15.958 58.288
127 159 29 30 4 0 100 18.221 45.426
127 159 30 31 4 0 100 9.871 99.976
127 159 31 32 4 0 100 8.713 92.427
127 159 32 33 4 0 100 7.501 99.965
127 159 33 34 4 0 100 33.624 34.955
127 159 34 35 4 0 100 86.840 94.590
127 159 35 36 4 0 100 12.163 94.292
127 159 37 38 4 0 100 16.755 66.191
127 159 38 39 4 0 100 85.019 81.110
127 159 39 40 4 0 100 96.594 71.340
127 159 43 44 4 0 100 69.162 77.358
127 159 44 45 4 0 100 99.508 99.982
159 201 1 2 4 0 100 11.150 81.339
159 201 2 3 4 0 100 10.518 83.190
159 201 3 4 4 0 100 47.527 28.064
159 201 4 5 4 0 100 8.753 77.845
159 201 5 6 4 0 100 7.233 77.705
159 201 6 7 4 0 100 11.998 93.523
159 201 7 8 4 0 100 11.740 67.918
159 201 8 9 4 0 100 100.000 3.259
159 201 9 10 4 0 100 100.000 3.568
159 201 10 11 4 0 100 4.544 99.999
159 201 11 12 4 0 100 100.000 3.626
159 201 12 13 4 0 100 100.000 3.277
159 201 13 14 4 0 100 100.000 3.365
159 201 14 15 4 0 100 100.000 3.529
159 201 15 16 4 0 100 46.169 3.652
159 201 16 17 4 0 100 5.421 99.972
159 201 17 18 4 0 100 8.472 76.713
159 201 18 19 4 0 100 4.924 99.319
159 201 19 20 4 0 100 9.408 64.902
159 201 20 21 4 0 100 17.436 57.495
159 201 21 22 4 0 100 5.253 100.000
159 201 22 23 4 0 100 10.806 57.531
159 201 23 24 4 0 100 12.516 56.578
159 201 24 25 4 0 100 95.033 29.828
159 201 25 26 4 0 100 22.398 46.563
159 201 26 27 4 0 100 9.741 88.227
159 201 27 28 4 0 100 9.785 77.722
159 201 28 29 4 0 100 29.773 34.785
159 201 29 30 4 0 100 9.895 86.660
159 201 30 31 4 0 100 61.103 23.348
159 201 31 32 4 0 100 9.606 90.788
159 201 32 33 4 0 100 52.838 35.924
159 201 33 34 4 0 100 10.511 90.951
159 201 34 35 4 0 100 66.871 62.101
159 201 35 36 4 0 100 25.792 70.109
201 252 4 5 4 0 100 94.526 99.965
201 252 5 6 4 0 100 10.911 87.275
201 252 6 7 4 0 100 99.999 52.470
201 252 7 8 4 0 100 62.609 69.897
201 252 8 9 4 0 100 10.837 77.889
201 252 9 10 4 0 100 26.009 73.366
201 252 10 11 4 0 100 13.263 58.208
201 252 11 12 4 0 100 11.121 69.513
201 252 12 13 4 0 100 6.773 99.836
201 252 13 14 4 0 100 11.463 71.398
201 252 14 15 4 0 100 7.805 99.728
201 252 15 16 4 0 100 8.480 70.820
201 252 16 17 4 0 100 99.820 71.659
201 252 17 18 4 0 100 9.919 99.536
201 252 18 19 4 0 100 75.998 76.516
201 252 19 20 4 0 100 9.676 85.274
201 252 20 21 4 0 100 7.918 98.701
201 252 21 22 4 0 100 98.059 48.393
201 252 22 23 4 0 100 38.084 85.758
201 252 23 24 4 0 100 22.894 47.487
201 252 24 25 4 0 100 9.806 83.995
201 252 25 26 4 0 100 31.806 70.031
201 252 26 27 4 0 100 14.100 72.068
201 252 27 28 4 0 100 8.919 99.546
201 252 28 29 4 0 100 99.515 86.808
201 252 29 30 4 0 100 89.163 83.183
201 252 34 35 4 0 100 85.342 84.843
252 317 3 4 4 0 100 99.734 37.026
252 317 7 8 4 0 100 10.961 87.775
252 317 9 10 4 0 100 9.547 90.652
252 317 10 11 4 0 100 16.482 96.933
252 317 12 13 4 0 100 82.029 85.886
252 317 17 18 4 0 100 10.697 93.958
252 317 22 23 4 0 100 94.901 85.957
