[quark]
{2 JetPt Rho 1 x TMath::Exp(-1.*x*[0]/[1])*TMath::Power(x,[0]-1)*TMath::Power([1]/[0],-1.*[0])/TMath::Gamma([0]) Correction QGL_nPFCand_QC_ptCut_F_quark}
20 26 0 1 4 0 100 49.996 3.670
20 26 1 2 4 0 100 12.848 4.227
20 26 2 3 4 0 100 11.007 4.630
20 26 3 4 4 0 100 11.175 4.568
20 26 4 5 4 0 100 10.355 4.791
20 26 5 6 4 0 100 9.836 4.922
20 26 6 7 4 0 100 9.010 5.047
20 26 7 8 4 0 100 9.919 5.306
20 26 8 9 4 0 100 10.415 5.414
20 26 9 10 4 0 100 10.073 5.556
20 26 10 11 4 0 100 10.535 5.795
20 26 11 12 4 0 100 11.003 6.017
20 26 12 13 4 0 100 11.224 6.114
20 26 13 14 4 0 100 10.850 6.356
20 26 14 15 4 0 100 11.437 6.536
20 26 15 16 4 0 100 11.858 6.797
20 26 16 17 4 0 100 12.433 6.997
20 26 17 18 4 0 100 11.530 7.183
20 26 18 19 4 0 100 12.978 7.459
20 26 19 20 4 0 100 13.197 7.645
20 26 20 21 4 0 100 13.851 7.912
20 26 21 22 4 0 100 13.993 8.155
20 26 22 23 4 0 100 13.091 8.291
20 26 23 24 4 0 100 14.208 8.764
20 26 24 25 4 0 100 15.465 8.635
20 26 25 26 4 0 100 17.866 9.088
20 26 26 27 4 0 100 20.388 9.249
20 26 27 28 4 0 100 25.191 9.714
20 26 28 29 4 0 100 17.981 9.419
20 26 29 30 4 0 100 22.915 9.585
20 26 30 31 4 0 100 28.795 10.279
20 26 31 32 4 0 100 45.187 10.495
20 26 32 33 4 0 100 50.000 12.125
20 26 33 34 4 0 100 50.000 12.366
20 26 34 35 4 0 100 46.805 10.476
20 26 35 36 4 0 100 50.000 11.329
20 26 36 37 4 0 100 50.000 12.408
20 26 37 38 4 0 100 1.339 100.000
20 26 38 39 4 0 100 1.496 100.000
20 26 39 40 4 0 100 1.450 100.000
20 26 40 41 4 0 100 50.000 14.110
20 26 41 42 4 0 100 1.563 100.000
20 26 42 43 4 0 100 50.000 13.748
20 26 43 44 4 0 100 50.000 10.287
20 26 44 45 4 0 100 1.568 100.000
26 32 0 1 4 0 100 50.000 3.707
26 32 1 2 4 0 100 19.293 4.804
26 32 2 3 4 0 100 12.591 4.817
26 32 3 4 4 0 100 9.160 5.059
26 32 4 5 4 0 100 10.112 5.281
26 32 5 6 4 0 100 10.006 5.458
26 32 6 7 4 0 100 8.971 5.687
26 32 7 8 4 0 100 9.969 5.826
26 32 8 9 4 0 100 10.408 5.997
26 32 9 10 4 0 100 10.502 6.156
26 32 10 11 4 0 100 10.464 6.357
26 32 11 12 4 0 100 10.289 6.561
26 32 12 13 4 0 100 10.583 6.717
26 32 13 14 4 0 100 10.826 6.963
26 32 14 15 4 0 100 11.489 7.117
26 32 15 16 4 0 100 11.587 7.354
26 32 16 17 4 0 100 11.481 7.530
26 32 17 18 4 0 100 11.305 7.683
26 32 18 19 4 0 100 11.769 7.993
26 32 19 20 4 0 100 12.593 8.203
26 32 20 21 4 0 100 12.515 8.467
26 32 21 22 4 0 100 12.712 8.611
26 32 22 23 4 0 100 14.412 8.860
26 32 23 24 4 0 100 13.595 9.017
26 32 24 25 4 0 100 13.894 9.432
26 32 25 26 4 0 100 17.579 9.432
26 32 26 27 4 0 100 14.802 9.747
26 32 27 28 4 0 100 16.232 10.002
26 32 28 29 4 0 100 16.717 9.858
26 32 29 30 4 0 100 22.248 10.679
26 32 30 31 4 0 100 23.872 10.259
26 32 31 32 4 0 100 20.949 11.070
26 32 32 33 4 0 100 22.221 11.105
26 32 33 34 4 0 100 30.070 11.086
26 32 34 35 4 0 100 50.000 11.531
26 32 35 36 4 0 100 50.000 10.280
26 32 36 37 4 0 100 35.426 11.970
26 32 37 38 4 0 100 50.000 11.478
26 32 38 39 4 0 100 50.000 12.946
26 32 39 40 4 0 100 50.000 11.948
26 32 40 41 4 0 100 50.000 12.535
26 32 41 42 4 0 100 1.296 100.000
26 32 42 43 4 0 100 1.687 100.000
26 32 43 44 4 0 100 50.000 14.963
26 32 44 45 4 0 100 1.576 100.000
32 40 0 1 4 0 100 50.000 6.278
32 40 1 2 4 0 100 10.532 4.906
32 40 2 3 4 0 100 8.855 5.358
32 40 3 4 4 0 100 9.682 5.480
32 40 4 5 4 0 100 9.061 5.868
32 40 5 6 4 0 100 9.623 5.832
32 40 6 7 4 0 100 9.665 6.121
32 40 7 8 4 0 100 10.413 6.345
32 40 8 9 4 0 100 10.683 6.471
32 40 9 10 4 0 100 9.655 6.621
32 40 10 11 4 0 100 10.432 6.833
32 40 11 12 4 0 100 10.115 7.065
32 40 12 13 4 0 100 10.570 7.224
32 40 13 14 4 0 100 10.911 7.489
32 40 14 15 4 0 100 11.135 7.678
32 40 15 16 4 0 100 11.473 7.851
32 40 16 17 4 0 100 11.606 8.027
32 40 17 18 4 0 100 11.723 8.323
32 40 18 19 4 0 100 12.397 8.497
32 40 19 20 4 0 100 12.278 8.637
32 40 20 21 4 0 100 12.730 8.869
32 40 21 22 4 0 100 13.468 9.086
32 40 22 23 4 0 100 12.510 9.312
32 40 23 24 4 0 100 13.918 9.458
32 40 24 25 4 0 100 12.734 9.584
32 40 25 26 4 0 100 14.680 9.865
32 40 26 27 4 0 100 16.855 10.220
32 40 27 28 4 0 100 17.925 10.442
32 40 28 29 4 0 100 17.820 10.371
32 40 29 30 4 0 100 17.063 10.731
32 40 30 31 4 0 100 17.060 10.811
32 40 31 32 4 0 100 21.039 11.076
32 40 32 33 4 0 100 21.277 11.523
32 40 33 34 4 0 100 30.153 11.904
32 40 34 35 4 0 100 23.090 11.409
32 40 35 36 4 0 100 23.972 11.218
32 40 36 37 4 0 100 40.160 12.517
32 40 37 38 4 0 100 50.000 11.597
32 40 38 39 4 0 100 50.000 12.236
32 40 39 40 4 0 100 50.000 12.588
32 40 40 41 4 0 100 33.067 12.916
32 40 41 42 4 0 100 50.000 12.250
32 40 42 43 4 0 100 50.000 13.465
32 40 43 44 4 0 100 1.447 100.000
32 40 44 45 4 0 100 1.522 100.000
40 51 0 1 4 0 100 21.623 3.024
40 51 1 2 4 0 100 18.085 5.254
40 51 2 3 4 0 100 10.847 5.870
40 51 3 4 4 0 100 9.680 6.016
40 51 4 5 4 0 100 9.231 6.122
40 51 5 6 4 0 100 9.336 6.312
40 51 6 7 4 0 100 9.687 6.471
40 51 7 8 4 0 100 10.415 6.756
40 51 8 9 4 0 100 10.315 6.930
40 51 9 10 4 0 100 10.270 7.114
40 51 10 11 4 0 100 10.815 7.346
40 51 11 12 4 0 100 10.547 7.528
40 51 12 13 4 0 100 11.005 7.654
40 51 13 14 4 0 100 11.373 7.928
40 51 14 15 4 0 100 10.988 8.116
40 51 15 16 4 0 100 11.035 8.278
40 51 16 17 4 0 100 11.383 8.501
40 51 17 18 4 0 100 12.240 8.653
40 51 18 19 4 0 100 12.384 8.999
40 51 19 20 4 0 100 12.575 9.129
40 51 20 21 4 0 100 12.971 9.339
40 51 21 22 4 0 100 14.067 9.568
40 51 22 23 4 0 100 13.050 9.708
40 51 23 24 4 0 100 14.102 10.014
40 51 24 25 4 0 100 16.005 10.292
40 51 25 26 4 0 100 14.414 10.330
40 51 26 27 4 0 100 15.936 10.518
40 51 27 28 4 0 100 18.251 10.765
40 51 28 29 4 0 100 15.686 11.084
40 51 29 30 4 0 100 15.295 10.955
40 51 30 31 4 0 100 19.885 11.065
40 51 31 32 4 0 100 21.349 11.217
40 51 32 33 4 0 100 21.427 11.689
40 51 33 34 4 0 100 22.053 11.782
40 51 34 35 4 0 100 43.676 12.079
40 51 35 36 4 0 100 30.749 12.500
40 51 36 37 4 0 100 50.000 11.720
40 51 37 38 4 0 100 31.258 11.761
40 51 38 39 4 0 100 50.000 13.587
40 51 39 40 4 0 100 45.721 13.050
40 51 40 41 4 0 100 50.000 13.984
40 51 41 42 4 0 100 50.000 13.601
40 51 42 43 4 0 100 50.000 12.789
40 51 43 44 4 0 100 50.000 13.200
40 51 44 45 4 0 100 50.000 12.641
51 64 0 1 4 0 100 50.000 5.780
51 64 1 2 4 0 100 14.831 5.053
51 64 2 3 4 0 100 9.492 6.255
51 64 3 4 4 0 100 10.287 6.232
51 64 4 5 4 0 100 9.497 6.556
51 64 5 6 4 0 100 10.581 6.717
51 64 6 7 4 0 100 9.678 6.927
51 64 7 8 4 0 100 9.867 7.170
51 64 8 9 4 0 100 10.122 7.320
51 64 9 10 4 0 100 10.780 7.487
51 64 10 11 4 0 100 10.827 7.673
51 64 11 12 4 0 100 10.971 7.931
51 64 12 13 4 0 100 10.958 8.099
51 64 13 14 4 0 100 11.438 8.270
51 64 14 15 4 0 100 11.566 8.511
51 64 15 16 4 0 100 12.046 8.767
51 64 16 17 4 0 100 12.136 8.970
51 64 17 18 4 0 100 12.665 9.217
51 64 18 19 4 0 100 12.212 9.216
51 64 19 20 4 0 100 12.983 9.594
51 64 20 21 4 0 100 13.294 9.869
51 64 21 22 4 0 100 13.617 10.077
51 64 22 23 4 0 100 14.713 10.272
51 64 23 24 4 0 100 14.918 10.491
51 64 24 25 4 0 100 15.174 10.838
51 64 25 26 4 0 100 15.665 10.718
51 64 26 27 4 0 100 16.670 11.055
51 64 27 28 4 0 100 20.463 11.197
51 64 28 29 4 0 100 18.456 11.291
51 64 29 30 4 0 100 15.518 11.647
51 64 30 31 4 0 100 20.693 11.928
51 64 31 32 4 0 100 15.544 11.688
51 64 32 33 4 0 100 27.273 11.286
51 64 33 34 4 0 100 27.264 12.246
51 64 34 35 4 0 100 36.168 12.235
51 64 35 36 4 0 100 41.002 13.110
51 64 36 37 4 0 100 33.074 12.410
51 64 37 38 4 0 100 42.805 12.184
51 64 38 39 4 0 100 50.000 12.302
51 64 39 40 4 0 100 49.708 12.735
51 64 40 41 4 0 100 50.000 14.411
51 64 41 42 4 0 100 50.000 15.279
51 64 42 43 4 0 100 1.443 100.000
51 64 43 44 4 0 100 1.336 100.000
51 64 44 45 4 0 100 1.420 100.000
64 80 0 1 4 0 100 39.661 6.021
64 80 1 2 4 0 100 11.952 6.198
64 80 2 3 4 0 100 10.175 6.519
64 80 3 4 4 0 100 12.238 6.718
64 80 4 5 4 0 100 10.650 6.964
64 80 5 6 4 0 100 10.535 7.114
64 80 6 7 4 0 100 10.256 7.267
64 80 7 8 4 0 100 10.186 7.446
64 80 8 9 4 0 100 10.869 7.703
64 80 9 10 4 0 100 10.226 7.852
64 80 10 11 4 0 100 11.158 8.232
64 80 11 12 4 0 100 10.911 8.315
64 80 12 13 4 0 100 11.352 8.487
64 80 13 14 4 0 100 11.852 8.823
64 80 14 15 4 0 100 12.651 8.943
64 80 15 16 4 0 100 12.154 9.105
64 80 16 17 4 0 100 13.034 9.362
64 80 17 18 4 0 100 12.968 9.529
64 80 18 19 4 0 100 13.537 9.664
64 80 19 20 4 0 100 14.586 9.969
64 80 20 21 4 0 100 14.037 10.155
64 80 21 22 4 0 100 14.649 10.429
64 80 22 23 4 0 100 15.357 10.653
64 80 23 24 4 0 100 16.183 10.742
64 80 24 25 4 0 100 15.389 10.930
64 80 25 26 4 0 100 16.907 11.089
64 80 26 27 4 0 100 17.142 11.384
64 80 27 28 4 0 100 17.655 11.794
64 80 28 29 4 0 100 22.074 11.936
64 80 29 30 4 0 100 19.879 11.960
64 80 30 31 4 0 100 22.368 12.149
64 80 31 32 4 0 100 24.105 12.050
64 80 32 33 4 0 100 22.205 12.580
64 80 33 34 4 0 100 29.162 12.684
64 80 34 35 4 0 100 35.194 12.264
64 80 35 36 4 0 100 30.559 12.728
64 80 36 37 4 0 100 50.000 12.179
64 80 37 38 4 0 100 50.000 13.534
64 80 38 39 4 0 100 37.377 13.395
64 80 39 40 4 0 100 41.845 12.814
64 80 40 41 4 0 100 50.000 11.782
64 80 41 42 4 0 100 50.000 14.850
64 80 42 43 4 0 100 50.000 12.409
64 80 43 44 4 0 100 50.000 13.628
64 80 44 45 4 0 100 50.000 13.051
80 101 0 1 4 0 100 50.000 5.465
80 101 1 2 4 0 100 27.272 5.795
80 101 2 3 4 0 100 12.142 7.027
80 101 3 4 4 0 100 10.803 7.024
80 101 4 5 4 0 100 9.796 7.111
80 101 5 6 4 0 100 10.240 7.340
80 101 6 7 4 0 100 10.087 7.701
80 101 7 8 4 0 100 10.492 7.802
80 101 8 9 4 0 100 10.698 8.034
80 101 9 10 4 0 100 10.991 8.274
80 101 10 11 4 0 100 11.556 8.521
80 101 11 12 4 0 100 11.934 8.614
80 101 12 13 4 0 100 11.652 8.856
80 101 13 14 4 0 100 12.465 9.091
80 101 14 15 4 0 100 12.643 9.310
80 101 15 16 4 0 100 13.168 9.581
80 101 16 17 4 0 100 13.324 9.809
80 101 17 18 4 0 100 13.487 9.937
80 101 18 19 4 0 100 14.128 10.222
80 101 19 20 4 0 100 14.118 10.251
80 101 20 21 4 0 100 15.016 10.604
80 101 21 22 4 0 100 14.153 10.865
80 101 22 23 4 0 100 15.558 10.940
80 101 23 24 4 0 100 15.443 11.260
80 101 24 25 4 0 100 16.157 11.477
80 101 25 26 4 0 100 16.245 11.625
80 101 26 27 4 0 100 21.986 11.583
80 101 27 28 4 0 100 20.502 11.882
80 101 28 29 4 0 100 22.198 12.245
80 101 29 30 4 0 100 23.715 12.266
80 101 30 31 4 0 100 24.129 12.564
80 101 31 32 4 0 100 25.967 12.417
80 101 32 33 4 0 100 25.801 12.809
80 101 33 34 4 0 100 37.497 12.952
80 101 34 35 4 0 100 40.560 12.461
80 101 35 36 4 0 100 50.000 12.892
80 101 36 37 4 0 100 41.827 12.507
80 101 37 38 4 0 100 50.000 14.240
80 101 38 39 4 0 100 50.000 13.205
80 101 39 40 4 0 100 50.000 13.133
80 101 40 41 4 0 100 50.000 12.156
80 101 41 42 4 0 100 1.318 100.000
80 101 42 43 4 0 100 1.425 100.000
80 101 43 44 4 0 100 50.000 13.420
101 127 1 2 4 0 100 38.782 6.207
101 127 2 3 4 0 100 11.750 7.406
101 127 3 4 4 0 100 9.808 7.277
101 127 4 5 4 0 100 11.062 7.645
101 127 5 6 4 0 100 11.914 7.689
101 127 6 7 4 0 100 11.137 8.037
101 127 7 8 4 0 100 11.251 8.110
101 127 8 9 4 0 100 10.899 8.404
101 127 9 10 4 0 100 11.862 8.643
101 127 10 11 4 0 100 11.713 8.800
101 127 11 12 4 0 100 12.245 9.019
101 127 12 13 4 0 100 13.064 9.215
101 127 13 14 4 0 100 12.945 9.479
101 127 14 15 4 0 100 14.230 9.714
101 127 15 16 4 0 100 13.515 9.839
101 127 16 17 4 0 100 14.132 10.073
101 127 17 18 4 0 100 14.845 10.226
101 127 18 19 4 0 100 15.777 10.629
101 127 19 20 4 0 100 14.729 10.640
101 127 20 21 4 0 100 16.184 10.792
101 127 21 22 4 0 100 17.705 11.054
101 127 22 23 4 0 100 18.739 11.350
101 127 23 24 4 0 100 19.197 11.287
101 127 24 25 4 0 100 18.898 11.425
101 127 25 26 4 0 100 19.579 11.941
101 127 26 27 4 0 100 20.175 12.110
101 127 27 28 4 0 100 19.453 12.337
101 127 28 29 4 0 100 26.122 11.982
101 127 29 30 4 0 100 24.896 12.339
101 127 30 31 4 0 100 23.902 12.967
101 127 31 32 4 0 100 32.165 12.495
101 127 32 33 4 0 100 47.753 13.429
101 127 33 34 4 0 100 27.614 13.280
101 127 34 35 4 0 100 33.002 12.485
101 127 35 36 4 0 100 49.505 12.722
101 127 36 37 4 0 100 50.000 12.613
101 127 37 38 4 0 100 43.358 12.440
101 127 38 39 4 0 100 50.000 12.898
101 127 39 40 4 0 100 50.000 14.850
101 127 40 41 4 0 100 50.000 14.005
101 127 41 42 4 0 100 50.000 13.208
101 127 42 43 4 0 100 50.000 15.482
101 127 43 44 4 0 100 50.000 16.745
101 127 44 45 4 0 100 1.559 100.000
127 159 1 2 4 0 100 14.618 5.960
127 159 2 3 4 0 100 12.459 7.062
127 159 3 4 4 0 100 16.555 7.646
127 159 4 5 4 0 100 10.872 7.695
127 159 5 6 4 0 100 11.734 7.860
127 159 6 7 4 0 100 12.428 8.317
127 159 7 8 4 0 100 11.392 8.536
127 159 8 9 4 0 100 11.224 8.805
127 159 9 10 4 0 100 11.940 8.805
127 159 10 11 4 0 100 12.930 9.199
127 159 11 12 4 0 100 13.072 9.444
127 159 12 13 4 0 100 12.840 9.536
127 159 13 14 4 0 100 13.887 9.860
127 159 14 15 4 0 100 14.518 10.024
127 159 15 16 4 0 100 15.297 10.330
127 159 16 17 4 0 100 15.253 10.375
127 159 17 18 4 0 100 16.596 10.670
127 159 18 19 4 0 100 16.561 10.764
127 159 19 20 4 0 100 17.372 11.007
127 159 20 21 4 0 100 17.934 11.266
127 159 21 22 4 0 100 15.211 11.133
127 159 22 23 4 0 100 18.035 11.717
127 159 23 24 4 0 100 19.316 11.804
127 159 24 25 4 0 100 20.602 12.033
127 159 25 26 4 0 100 21.206 11.994
127 159 26 27 4 0 100 25.722 12.421
127 159 27 28 4 0 100 26.465 12.691
127 159 28 29 4 0 100 30.720 12.055
127 159 29 30 4 0 100 25.558 12.348
127 159 30 31 4 0 100 32.041 12.617
127 159 31 32 4 0 100 29.944 12.386
127 159 32 33 4 0 100 44.634 13.122
127 159 33 34 4 0 100 42.031 14.147
127 159 34 35 4 0 100 50.000 12.747
127 159 35 36 4 0 100 48.516 13.766
127 159 37 38 4 0 100 50.000 12.375
127 159 38 39 4 0 100 50.000 13.210
127 159 39 40 4 0 100 50.000 13.414
127 159 43 44 4 0 100 1.519 100.000
127 159 44 45 4 0 100 1.525 100.000
159 201 1 2 4 0 100 32.323 6.355
159 201 2 3 4 0 100 23.841 7.032
159 201 3 4 4 0 100 12.445 7.199
159 201 4 5 4 0 100 16.357 7.862
159 201 5 6 4 0 100 15.571 7.898
159 201 6 7 4 0 100 15.433 8.092
159 201 7 8 4 0 100 12.814 8.713
159 201 8 9 4 0 100 11.833 8.946
159 201 9 10 4 0 100 15.467 9.075
159 201 10 11 4 0 100 14.072 9.324
159 201 11 12 4 0 100 13.479 9.356
159 201 12 13 4 0 100 16.501 9.664
159 201 13 14 4 0 100 14.639 9.841
159 201 14 15 4 0 100 14.752 9.978
159 201 15 16 4 0 100 15.433 10.513
159 201 16 17 4 0 100 18.304 10.770
159 201 17 18 4 0 100 18.215 11.045
159 201 18 19 4 0 100 16.214 11.099
159 201 19 20 4 0 100 22.404 11.158
159 201 20 21 4 0 100 18.768 11.617
159 201 21 22 4 0 100 21.326 11.640
159 201 22 23 4 0 100 20.518 11.066
159 201 23 24 4 0 100 22.261 12.103
159 201 24 25 4 0 100 30.467 11.659
159 201 25 26 4 0 100 39.537 12.508
159 201 26 27 4 0 100 28.673 12.792
159 201 27 28 4 0 100 49.578 12.806
159 201 28 29 4 0 100 50.000 12.401
159 201 29 30 4 0 100 35.796 12.881
159 201 30 31 4 0 100 46.456 12.516
159 201 31 32 4 0 100 50.000 12.884
159 201 32 33 4 0 100 48.839 11.780
159 201 33 34 4 0 100 50.000 13.986
159 201 34 35 4 0 100 50.000 13.634
159 201 35 36 4 0 100 50.000 12.933
201 252 4 5 4 0 100 24.331 6.835
201 252 5 6 4 0 100 23.171 7.425
201 252 6 7 4 0 100 16.995 8.172
201 252 7 8 4 0 100 15.256 8.342
201 252 8 9 4 0 100 22.415 9.222
201 252 9 10 4 0 100 16.644 9.105
201 252 10 11 4 0 100 17.731 9.242
201 252 11 12 4 0 100 22.072 9.203
201 252 12 13 4 0 100 23.013 9.816
201 252 13 14 4 0 100 33.265 9.524
201 252 14 15 4 0 100 26.801 9.677
201 252 15 16 4 0 100 26.855 10.697
201 252 16 17 4 0 100 37.038 10.263
201 252 17 18 4 0 100 25.920 10.605
201 252 18 19 4 0 100 24.371 10.835
201 252 19 20 4 0 100 39.132 11.025
201 252 20 21 4 0 100 30.869 11.172
201 252 21 22 4 0 100 39.637 11.534
201 252 22 23 4 0 100 31.284 11.752
201 252 23 24 4 0 100 35.250 11.878
201 252 24 25 4 0 100 50.000 13.609
201 252 25 26 4 0 100 50.000 11.939
201 252 26 27 4 0 100 45.107 11.992
201 252 27 28 4 0 100 50.000 11.557
201 252 28 29 4 0 100 50.000 13.822
201 252 29 30 4 0 100 1.301 100.000
201 252 34 35 4 0 100 1.512 100.000
252 317 3 4 4 0 100 1.557 100.000
252 317 7 8 4 0 100 25.585 8.473
252 317 9 10 4 0 100 50.000 9.476
252 317 10 11 4 0 100 50.000 9.100
252 317 12 13 4 0 100 31.469 9.988
252 317 17 18 4 0 100 50.000 11.330
252 317 22 23 4 0 100 1.373 100.000
[gluon]
{2 JetPt Rho 1 x TMath::Exp(-1.*x*[0]/[1])*TMath::Power(x,[0]-1)*TMath::Power([1]/[0],-1.*[0])/TMath::Gamma([0]) Correction QGL_nPFCand_QC_ptCut_F_gluon}
20 26 0 1 4 0 100 10.977 4.381
20 26 1 2 4 0 100 29.277 5.221
20 26 2 3 4 0 100 11.628 5.227
20 26 3 4 4 0 100 10.983 5.120
20 26 4 5 4 0 100 12.880 5.544
20 26 5 6 4 0 100 14.084 5.713
20 26 6 7 4 0 100 13.703 5.909
20 26 7 8 4 0 100 13.713 6.052
20 26 8 9 4 0 100 13.863 6.258
20 26 9 10 4 0 100 13.527 6.467
20 26 10 11 4 0 100 14.139 6.665
20 26 11 12 4 0 100 14.359 6.874
20 26 12 13 4 0 100 14.107 7.132
20 26 13 14 4 0 100 15.158 7.345
20 26 14 15 4 0 100 15.912 7.513
20 26 15 16 4 0 100 15.723 7.761
20 26 16 17 4 0 100 15.908 8.044
20 26 17 18 4 0 100 15.928 8.323
20 26 18 19 4 0 100 17.438 8.459
20 26 19 20 4 0 100 17.182 8.807
20 26 20 21 4 0 100 17.087 8.954
20 26 21 22 4 0 100 18.647 9.220
20 26 22 23 4 0 100 19.480 9.567
20 26 23 24 4 0 100 18.764 9.789
20 26 24 25 4 0 100 21.069 10.000
20 26 25 26 4 0 100 18.979 10.072
20 26 26 27 4 0 100 27.556 10.532
20 26 27 28 4 0 100 30.755 10.262
20 26 28 29 4 0 100 20.600 10.786
20 26 29 30 4 0 100 31.212 11.086
20 26 30 31 4 0 100 44.131 11.380
20 26 31 32 4 0 100 25.816 11.419
20 26 32 33 4 0 100 33.144 11.802
20 26 33 34 4 0 100 48.333 10.788
20 26 34 35 4 0 100 49.622 12.603
20 26 35 36 4 0 100 35.212 12.602
20 26 36 37 4 0 100 39.773 12.129
20 26 37 38 4 0 100 50.000 12.133
20 26 38 39 4 0 100 50.000 12.997
20 26 39 40 4 0 100 50.000 12.614
20 26 40 41 4 0 100 50.000 11.585
20 26 41 42 4 0 100 1.457 100.000
20 26 42 43 4 0 100 50.000 14.449
20 26 43 44 4 0 100 1.573 100.000
20 26 44 45 4 0 100 1.636 100.000
26 32 0 1 4 0 100 50.000 5.878
26 32 1 2 4 0 100 19.537 5.913
26 32 2 3 4 0 100 14.191 6.010
26 32 3 4 4 0 100 11.348 6.064
26 32 4 5 4 0 100 12.632 6.210
26 32 5 6 4 0 100 13.495 6.495
26 32 6 7 4 0 100 13.450 6.731
26 32 7 8 4 0 100 13.733 6.833
26 32 8 9 4 0 100 13.562 7.097
26 32 9 10 4 0 100 14.241 7.303
26 32 10 11 4 0 100 14.041 7.516
26 32 11 12 4 0 100 14.786 7.794
26 32 12 13 4 0 100 14.698 7.940
26 32 13 14 4 0 100 15.798 8.202
26 32 14 15 4 0 100 15.632 8.492
26 32 15 16 4 0 100 17.104 8.622
26 32 16 17 4 0 100 16.421 8.792
26 32 17 18 4 0 100 16.216 9.073
26 32 18 19 4 0 100 18.212 9.348
26 32 19 20 4 0 100 16.994 9.430
26 32 20 21 4 0 100 17.381 9.735
26 32 21 22 4 0 100 21.299 10.009
26 32 22 23 4 0 100 19.271 10.032
26 32 23 24 4 0 100 17.769 10.458
26 32 24 25 4 0 100 21.143 10.649
26 32 25 26 4 0 100 20.260 10.849
26 32 26 27 4 0 100 28.000 11.106
26 32 27 28 4 0 100 26.148 11.094
26 32 28 29 4 0 100 28.489 11.243
26 32 29 30 4 0 100 24.803 11.564
26 32 30 31 4 0 100 25.679 11.523
26 32 31 32 4 0 100 28.407 12.222
26 32 32 33 4 0 100 46.002 12.539
26 32 33 34 4 0 100 41.094 12.391
26 32 34 35 4 0 100 50.000 12.178
26 32 35 36 4 0 100 39.328 12.669
26 32 36 37 4 0 100 41.336 12.737
26 32 37 38 4 0 100 50.000 15.866
26 32 38 39 4 0 100 50.000 12.658
26 32 39 40 4 0 100 50.000 14.657
26 32 40 41 4 0 100 1.308 100.000
26 32 41 42 4 0 100 50.000 11.953
26 32 42 43 4 0 100 1.566 100.000
26 32 43 44 4 0 100 1.571 100.000
26 32 44 45 4 0 100 1.626 100.000
32 40 0 1 4 0 100 50.000 5.877
32 40 1 2 4 0 100 12.773 6.299
32 40 2 3 4 0 100 15.667 6.616
32 40 3 4 4 0 100 13.751 6.815
32 40 4 5 4 0 100 13.311 6.942
32 40 5 6 4 0 100 13.475 7.250
32 40 6 7 4 0 100 13.470 7.358
32 40 7 8 4 0 100 14.374 7.548
32 40 8 9 4 0 100 14.297 7.767
32 40 9 10 4 0 100 13.952 7.928
32 40 10 11 4 0 100 14.748 8.232
32 40 11 12 4 0 100 15.259 8.413
32 40 12 13 4 0 100 15.158 8.640
32 40 13 14 4 0 100 15.891 8.951
32 40 14 15 4 0 100 15.135 9.027
32 40 15 16 4 0 100 16.237 9.327
32 40 16 17 4 0 100 17.117 9.568
32 40 17 18 4 0 100 17.600 9.758
32 40 18 19 4 0 100 18.788 10.002
32 40 19 20 4 0 100 18.474 10.094
32 40 20 21 4 0 100 19.195 10.408
32 40 21 22 4 0 100 19.134 10.566
32 40 22 23 4 0 100 19.892 10.737
32 40 23 24 4 0 100 21.393 11.025
32 40 24 25 4 0 100 21.655 11.258
32 40 25 26 4 0 100 20.304 11.476
32 40 26 27 4 0 100 23.395 11.435
32 40 27 28 4 0 100 27.238 11.848
32 40 28 29 4 0 100 35.764 11.875
32 40 29 30 4 0 100 25.612 12.085
32 40 30 31 4 0 100 30.212 12.427
32 40 31 32 4 0 100 33.455 12.525
32 40 32 33 4 0 100 32.082 12.553
32 40 33 34 4 0 100 44.763 12.475
32 40 34 35 4 0 100 39.326 13.423
32 40 35 36 4 0 100 46.249 13.438
32 40 36 37 4 0 100 50.000 12.766
32 40 37 38 4 0 100 50.000 13.017
32 40 38 39 4 0 100 50.000 11.500
32 40 39 40 4 0 100 50.000 16.305
32 40 40 41 4 0 100 50.000 13.413
32 40 41 42 4 0 100 50.000 14.878
32 40 42 43 4 0 100 1.464 100.000
32 40 43 44 4 0 100 1.536 100.000
32 40 44 45 4 0 100 1.406 100.000
40 51 0 1 4 0 100 1.587 100.000
40 51 1 2 4 0 100 17.283 6.811
40 51 2 3 4 0 100 16.927 7.059
40 51 3 4 4 0 100 14.314 7.156
40 51 4 5 4 0 100 14.184 7.415
40 51 5 6 4 0 100 13.860 7.906
40 51 6 7 4 0 100 13.805 8.043
40 51 7 8 4 0 100 13.046 8.136
40 51 8 9 4 0 100 13.870 8.397
40 51 9 10 4 0 100 14.605 8.617
40 51 10 11 4 0 100 14.833 8.790
40 51 11 12 4 0 100 15.612 9.094
40 51 12 13 4 0 100 14.764 9.263
40 51 13 14 4 0 100 16.257 9.526
40 51 14 15 4 0 100 16.787 9.627
40 51 15 16 4 0 100 16.228 9.932
40 51 16 17 4 0 100 17.145 10.072
40 51 17 18 4 0 100 16.525 10.322
40 51 18 19 4 0 100 17.075 10.570
40 51 19 20 4 0 100 18.215 10.847
40 51 20 21 4 0 100 19.305 10.943
40 51 21 22 4 0 100 20.252 11.144
40 51 22 23 4 0 100 21.004 11.370
40 51 23 24 4 0 100 21.034 11.644
40 51 24 25 4 0 100 22.355 11.947
40 51 25 26 4 0 100 23.765 11.850
40 51 26 27 4 0 100 21.739 12.079
40 51 27 28 4 0 100 31.621 12.756
40 51 28 29 4 0 100 24.925 12.626
40 51 29 30 4 0 100 26.033 12.726
40 51 30 31 4 0 100 34.131 13.059
40 51 31 32 4 0 100 31.425 12.527
40 51 32 33 4 0 100 37.006 13.430
40 51 33 34 4 0 100 45.299 13.745
40 51 34 35 4 0 100 50.000 12.170
40 51 35 36 4 0 100 50.000 12.817
40 51 36 37 4 0 100 50.000 13.232
40 51 37 38 4 0 100 50.000 12.989
40 51 38 39 4 0 100 50.000 13.639
40 51 39 40 4 0 100 1.278 100.000
40 51 40 41 4 0 100 50.000 14.859
40 51 41 42 4 0 100 1.382 100.000
40 51 42 43 4 0 100 50.000 12.662
40 51 43 44 4 0 100 50.000 15.045
40 51 44 45 4 0 100 1.529 100.000
51 64 0 1 4 0 100 50.000 5.466
51 64 1 2 4 0 100 30.114 7.639
51 64 2 3 4 0 100 24.298 7.633
51 64 3 4 4 0 100 12.099 7.909
51 64 4 5 4 0 100 14.886 7.990
51 64 5 6 4 0 100 14.179 8.236
51 64 6 7 4 0 100 14.264 8.509
51 64 7 8 4 0 100 13.496 8.852
51 64 8 9 4 0 100 13.896 8.890
51 64 9 10 4 0 100 15.148 9.274
51 64 10 11 4 0 100 16.430 9.453
51 64 11 12 4 0 100 14.741 9.621
51 64 12 13 4 0 100 15.864 9.832
51 64 13 14 4 0 100 14.966 10.011
51 64 14 15 4 0 100 17.341 10.279
51 64 15 16 4 0 100 17.200 10.379
51 64 16 17 4 0 100 17.360 10.622
51 64 17 18 4 0 100 17.635 10.811
51 64 18 19 4 0 100 18.002 10.946
51 64 19 20 4 0 100 17.727 11.267
51 64 20 21 4 0 100 21.064 11.343
51 64 21 22 4 0 100 19.117 11.617
51 64 22 23 4 0 100 22.841 11.607
51 64 23 24 4 0 100 23.645 12.298
51 64 24 25 4 0 100 22.982 12.430
51 64 25 26 4 0 100 24.842 12.203
51 64 26 27 4 0 100 26.283 12.344
51 64 27 28 4 0 100 25.955 12.982
51 64 28 29 4 0 100 33.918 13.172
51 64 29 30 4 0 100 33.227 13.390
51 64 30 31 4 0 100 42.594 12.658
51 64 31 32 4 0 100 45.014 13.319
51 64 32 33 4 0 100 49.104 14.066
51 64 33 34 4 0 100 50.000 14.278
51 64 34 35 4 0 100 50.000 14.222
51 64 35 36 4 0 100 50.000 15.050
51 64 36 37 4 0 100 50.000 14.476
51 64 37 38 4 0 100 50.000 15.083
51 64 38 39 4 0 100 50.000 15.870
51 64 39 40 4 0 100 50.000 14.462
51 64 40 41 4 0 100 1.466 100.000
51 64 41 42 4 0 100 1.623 100.000
51 64 42 43 4 0 100 1.597 100.000
51 64 43 44 4 0 100 1.469 100.000
51 64 44 45 4 0 100 1.423 100.000
64 80 0 1 4 0 100 50.000 7.125
64 80 1 2 4 0 100 50.000 7.748
64 80 2 3 4 0 100 18.767 7.888
64 80 3 4 4 0 100 15.432 7.932
64 80 4 5 4 0 100 14.849 8.764
64 80 5 6 4 0 100 13.045 8.713
64 80 6 7 4 0 100 14.218 8.942
64 80 7 8 4 0 100 15.503 9.221
64 80 8 9 4 0 100 14.049 9.349
64 80 9 10 4 0 100 14.886 9.491
64 80 10 11 4 0 100 14.918 9.856
64 80 11 12 4 0 100 15.151 9.987
64 80 12 13 4 0 100 16.603 10.171
64 80 13 14 4 0 100 17.728 10.737
64 80 14 15 4 0 100 16.570 10.621
64 80 15 16 4 0 100 16.942 11.010
64 80 16 17 4 0 100 18.539 11.178
64 80 17 18 4 0 100 17.750 11.402
64 80 18 19 4 0 100 18.341 11.481
64 80 19 20 4 0 100 18.812 11.747
64 80 20 21 4 0 100 21.380 11.883
64 80 21 22 4 0 100 20.215 12.080
64 80 22 23 4 0 100 21.837 12.731
64 80 23 24 4 0 100 24.936 12.600
64 80 24 25 4 0 100 29.128 12.913
64 80 25 26 4 0 100 26.504 12.954
64 80 26 27 4 0 100 25.986 12.869
64 80 27 28 4 0 100 35.005 12.930
64 80 28 29 4 0 100 38.086 12.973
64 80 29 30 4 0 100 34.805 13.281
64 80 30 31 4 0 100 49.535 13.342
64 80 31 32 4 0 100 50.000 15.388
64 80 32 33 4 0 100 44.597 13.713
64 80 33 34 4 0 100 50.000 14.157
64 80 34 35 4 0 100 50.000 15.438
64 80 35 36 4 0 100 48.955 13.499
64 80 36 37 4 0 100 50.000 13.646
64 80 37 38 4 0 100 50.000 16.874
64 80 38 39 4 0 100 1.364 100.000
64 80 39 40 4 0 100 50.000 14.017
64 80 40 41 4 0 100 1.487 100.000
64 80 41 42 4 0 100 1.584 100.000
64 80 42 43 4 0 100 1.530 100.000
64 80 43 44 4 0 100 1.591 100.000
64 80 44 45 4 0 100 50.000 18.296
80 101 0 1 4 0 100 1.692 100.000
80 101 1 2 4 0 100 1.280 100.000
80 101 2 3 4 0 100 22.489 7.911
80 101 3 4 4 0 100 22.463 8.116
80 101 4 5 4 0 100 18.800 8.976
80 101 5 6 4 0 100 18.654 8.964
80 101 6 7 4 0 100 16.145 9.354
80 101 7 8 4 0 100 14.967 9.488
80 101 8 9 4 0 100 16.867 9.568
80 101 9 10 4 0 100 15.834 10.010
80 101 10 11 4 0 100 17.350 10.097
80 101 11 12 4 0 100 18.071 10.401
80 101 12 13 4 0 100 16.992 10.668
80 101 13 14 4 0 100 17.469 10.921
80 101 14 15 4 0 100 18.834 11.056
80 101 15 16 4 0 100 17.357 11.200
80 101 16 17 4 0 100 19.866 11.635
80 101 17 18 4 0 100 19.896 11.742
80 101 18 19 4 0 100 19.161 12.008
80 101 19 20 4 0 100 24.529 11.910
80 101 20 21 4 0 100 20.980 12.337
80 101 21 22 4 0 100 26.354 12.446
80 101 22 23 4 0 100 27.292 12.756
80 101 23 24 4 0 100 28.712 13.368
80 101 24 25 4 0 100 31.643 13.010
80 101 25 26 4 0 100 35.514 13.038
80 101 26 27 4 0 100 28.178 13.428
80 101 27 28 4 0 100 39.347 13.068
80 101 28 29 4 0 100 36.332 12.793
80 101 29 30 4 0 100 50.000 14.254
80 101 30 31 4 0 100 50.000 13.470
80 101 31 32 4 0 100 50.000 12.384
80 101 32 33 4 0 100 50.000 13.732
80 101 33 34 4 0 100 50.000 13.626
80 101 34 35 4 0 100 50.000 12.413
80 101 35 36 4 0 100 50.000 14.955
80 101 36 37 4 0 100 50.000 14.522
80 101 37 38 4 0 100 1.476 100.000
80 101 38 39 4 0 100 1.569 100.000
80 101 39 40 4 0 100 1.519 100.000
80 101 40 41 4 0 100 1.486 100.000
80 101 41 42 4 0 100 1.579 100.000
80 101 42 43 4 0 100 1.578 100.000
80 101 43 44 4 0 100 1.579 100.000
101 127 1 2 4 0 100 1.335 100.000
101 127 2 3 4 0 100 42.487 8.062
101 127 3 4 4 0 100 23.681 9.036
101 127 4 5 4 0 100 25.364 9.498
101 127 5 6 4 0 100 24.361 8.996
101 127 6 7 4 0 100 18.211 9.881
101 127 7 8 4 0 100 22.111 10.479
101 127 8 9 4 0 100 17.609 10.146
101 127 9 10 4 0 100 19.296 10.321
101 127 10 11 4 0 100 19.854 10.692
101 127 11 12 4 0 100 18.616 10.730
101 127 12 13 4 0 100 17.209 10.705
101 127 13 14 4 0 100 19.055 11.141
101 127 14 15 4 0 100 20.978 11.210
101 127 15 16 4 0 100 21.877 11.535
101 127 16 17 4 0 100 26.891 11.568
101 127 17 18 4 0 100 25.939 12.361
101 127 18 19 4 0 100 25.092 12.215
101 127 19 20 4 0 100 34.259 12.744
101 127 20 21 4 0 100 27.689 12.471
101 127 21 22 4 0 100 35.618 12.203
101 127 22 23 4 0 100 33.267 12.170
101 127 23 24 4 0 100 36.161 13.159
101 127 24 25 4 0 100 43.221 13.357
101 127 25 26 4 0 100 21.004 13.223
101 127 26 27 4 0 100 50.000 13.110
101 127 27 28 4 0 100 50.000 13.609
101 127 28 29 4 0 100 50.000 13.519
101 127 29 30 4 0 100 50.000 13.508
101 127 30 31 4 0 100 50.000 12.552
101 127 31 32 4 0 100 50.000 14.656
101 127 32 33 4 0 100 1.327 100.000
101 127 33 34 4 0 100 50.000 14.010
101 127 34 35 4 0 100 1.478 100.000
101 127 35 36 4 0 100 1.416 100.000
101 127 36 37 4 0 100 1.523 100.000
101 127 37 38 4 0 100 1.508 100.000
101 127 38 39 4 0 100 1.461 100.000
101 127 39 40 4 0 100 50.000 14.167
101 127 40 41 4 0 100 1.692 100.000
101 127 41 42 4 0 100 1.692 100.000
101 127 42 43 4 0 100 1.692 100.000
101 127 43 44 4 0 100 1.659 100.000
101 127 44 45 4 0 100 1.694 100.000
127 159 1 2 4 0 100 1.622 100.000
127 159 2 3 4 0 100 1.288 100.000
127 159 3 4 4 0 100 50.000 9.231
127 159 4 5 4 0 100 50.000 9.286
127 159 5 6 4 0 100 23.268 9.468
127 159 6 7 4 0 100 36.090 10.093
127 159 7 8 4 0 100 28.378 9.852
127 159 8 9 4 0 100 25.306 9.677
127 159 9 10 4 0 100 24.778 10.870
127 159 10 11 4 0 100 25.709 11.038
127 159 11 12 4 0 100 18.708 11.194
127 159 12 13 4 0 100 23.436 11.003
127 159 13 14 4 0 100 22.104 10.990
127 159 14 15 4 0 100 35.460 11.724
127 159 15 16 4 0 100 31.872 12.080
127 159 16 17 4 0 100 29.757 12.259
127 159 17 18 4 0 100 50.000 11.574
127 159 18 19 4 0 100 33.866 12.318
127 159 19 20 4 0 100 23.613 11.690
127 159 20 21 4 0 100 38.814 12.550
127 159 21 22 4 0 100 45.199 12.652
127 159 22 23 4 0 100 50.000 13.814
127 159 23 24 4 0 100 50.000 13.750
127 159 24 25 4 0 100 50.000 13.981
127 159 25 26 4 0 100 50.000 13.243
127 159 26 27 4 0 100 50.000 11.999
127 159 27 28 4 0 100 50.000 13.453
127 159 28 29 4 0 100 50.000 14.032
127 159 29 30 4 0 100 50.000 14.789
127 159 30 31 4 0 100 50.000 14.485
127 159 31 32 4 0 100 1.442 100.000
127 159 32 33 4 0 100 1.280 100.000
127 159 33 34 4 0 100 1.560 100.000
127 159 34 35 4 0 100 1.632 100.000
127 159 35 36 4 0 100 1.565 100.000
127 159 37 38 4 0 100 1.573 100.000
127 159 38 39 4 0 100 1.689 100.000
127 159 39 40 4 0 100 1.643 100.000
127 159 43 44 4 0 100 1.687 100.000
127 159 44 45 4 0 100 1.687 100.000
159 201 1 2 4 0 100 1.626 100.000
159 201 2 3 4 0 100 50.000 9.445
159 201 3 4 4 0 100 1.487 100.000
159 201 4 5 4 0 100 1.249 100.000
159 201 5 6 4 0 100 1.343 100.000
159 201 6 7 4 0 100 48.256 10.752
159 201 7 8 4 0 100 50.000 11.328
159 201 8 9 4 0 100 35.821 10.484
159 201 9 10 4 0 100 32.539 11.698
159 201 10 11 4 0 100 21.903 9.418
159 201 11 12 4 0 100 35.273 10.010
159 201 12 13 4 0 100 50.000 10.042
159 201 13 14 4 0 100 50.000 11.703
159 201 14 15 4 0 100 50.000 11.908
159 201 15 16 4 0 100 50.000 12.906
159 201 16 17 4 0 100 50.000 12.140
159 201 17 18 4 0 100 50.000 9.676
159 201 18 19 4 0 100 43.724 11.057
159 201 19 20 4 0 100 50.000 10.935
159 201 20 21 4 0 100 50.000 13.864
159 201 21 22 4 0 100 50.000 12.814
159 201 22 23 4 0 100 50.000 13.607
159 201 23 24 4 0 100 50.000 13.032
159 201 24 25 4 0 100 1.426 100.000
159 201 25 26 4 0 100 1.449 100.000
159 201 26 27 4 0 100 50.000 13.748
159 201 27 28 4 0 100 1.456 100.000
159 201 28 29 4 0 100 1.467 100.000
159 201 29 30 4 0 100 1.571 100.000
159 201 30 31 4 0 100 1.567 100.000
159 201 31 32 4 0 100 1.564 100.000
159 201 32 33 4 0 100 1.407 100.000
159 201 33 34 4 0 100 1.645 100.000
159 201 34 35 4 0 100 1.689 100.000
159 201 35 36 4 0 100 1.689 100.000
201 252 4 5 4 0 100 50.000 6.085
201 252 5 6 4 0 100 1.690 100.000
201 252 6 7 4 0 100 1.556 100.000
201 252 7 8 4 0 100 50.000 6.510
201 252 8 9 4 0 100 1.484 100.000
201 252 9 10 4 0 100 50.000 11.516
201 252 10 11 4 0 100 1.558 100.000
201 252 11 12 4 0 100 1.560 100.000
201 252 12 13 4 0 100 50.000 10.483
201 252 13 14 4 0 100 1.496 100.000
201 252 14 15 4 0 100 1.504 100.000
201 252 15 16 4 0 100 50.000 9.445
201 252 16 17 4 0 100 1.625 100.000
201 252 17 18 4 0 100 1.458 100.000
201 252 18 19 4 0 100 1.565 100.000
201 252 19 20 4 0 100 1.569 100.000
201 252 20 21 4 0 100 1.420 100.000
201 252 21 22 4 0 100 1.696 100.000
201 252 22 23 4 0 100 1.568 100.000
201 252 23 24 4 0 100 1.563 100.000
201 252 24 25 4 0 100 1.536 100.000
201 252 25 26 4 0 100 1.690 100.000
201 252 26 27 4 0 100 1.634 100.000
201 252 27 28 4 0 100 1.565 100.000
201 252 28 29 4 0 100 1.687 100.000
201 252 29 30 4 0 100 1.689 100.000
201 252 34 35 4 0 100 1.687 100.000
252 317 3 4 4 0 100 1.623 100.000
252 317 7 8 4 0 100 1.687 100.000
252 317 9 10 4 0 100 50.000 6.085
252 317 10 11 4 0 100 1.687 100.000
252 317 12 13 4 0 100 1.689 100.000
252 317 17 18 4 0 100 1.688 100.000
252 317 22 23 4 0 100 1.703 100.000
