###TAGGER PTRange ETARange RHORange a= b= lmin= lmax=..
# ZJET High stat -- only central region
QGLMLP 30 50 0 15 0 2 0.940 0.000 0.085 0.866
QGLMLP 30 50 15 40 0 2 0.940 0.000 0.085 0.866
QGLMLP 50 80 0 15 0 2 0.880 0.010 0.075 0.876
QGLMLP 50 80 15 40 0 2 0.980 0.060 0.075 0.876
QGLMLP 80 120 0 15 0 2 0.980 0.020 0.065 0.910
QGLMLP 80 120 15 40 0 2 0.980 0.000 0.065 0.902
QGLMLP 120 250 0 15 0 2 0.960 -0.060 0.059 0.917
QGLMLP 120 250 15 40 0 2 0.970 -0.090 0.059 0.917
#
QGLHisto 30 50 0 15 0 2 0.970 0.010 0.000 1.000
QGLHisto 30 50 15 40 0 2 0.970 -0.010 0.000 1.000
QGLHisto 50 80 0 15 0 2 0.980 -0.100 0.000 1.000
QGLHisto 50 80 15 40 0 2 0.980 -0.090 0.000 1.000
QGLHisto 80 120 0 15 0 2 0.990 -0.040 0.000 1.000
QGLHisto 80 120 15 40 0 2 0.980 0.000 0.000 1.000
QGLHisto 120 250 0 15 0 2 0.960 0.060 0.000 1.000
QGLHisto 120 250 15 40 0 2 0.970 0.090 0.000 1.000
#DiJet
QGLHisto 120 250 0 15 0 2 0.980 -0.020 0.000 1.000 
QGLHisto 120 250 15 40 0 2 0.940 -0.030 0.000 1.000 
QGLHisto 250 500 0 15 0 2 1.160 0.200 0.000 1.000 
QGLHisto 250 500 15 40 0 2 0.960 0.170 0.000 1.000 
QGLHisto 80 120 0 15 3 5 0.920 0.020 0.000 1.000 
QGLHisto 80 120 15 40 3 5 0.950 0.070 0.000 1.000 
QGLHisto 120 250 0 15 3 5 0.960 0.060 0.000 1.000 
QGLHisto 120 250 15 40 3 5 0.590 0.060 0.000 1.000 
QGLHisto 250 500 0 15 3 5 0.810 0.800 0.000 1.000 
#copied from 0-15 because no statistic
QGLHisto 250 500 0 15 3 5 0.810 0.800 0.000 1.000 
#QGLHisto 250 500 15 40 3 5 0.300 -0.200 0.000 1.000 //chi2=0.00
QGLMLP 120 250 0 15 0 2 0.940 -0.020 0.059 0.917 
QGLMLP 120 250 15 40 0 2 0.900 -0.020 0.059 0.917 
QGLMLP 250 500 0 15 0 2 0.800 -0.200 0.055 0.927 
QGLMLP 250 500 15 40 0 2 0.790 -0.190 0.054 0.927 
QGLMLP 80 120 0 15 3 5 0.930 -0.020 0.175 0.880 
QGLMLP 80 120 15 40 3 5 0.950 0.000 0.175 0.879 
QGLMLP 120 250 0 15 3 5 0.970 0.010 0.130 0.825 
QGLMLP 120 250 15 40 3 5 0.770 0.000 0.144 0.882 
QGLMLP 250 500 0 15 3 5 0.570 0.200 -999.000 0.829 
QGLMLP 250 500 15 40 3 5 0.300 -0.200 0.125 0.796 
