[quark]
{2 JetPt Rho 1 x ((x-[0])<0)?0:TMath::Exp(-1.*(x-[0])*[1]/[2])*TMath::Power((x-[0]),[1]-1)*TMath::Power([2]/[1],-1.*[1])/TMath::Gamma([1]) Correction QGL_ptD_QC_F_quark}
20 26 0 1 5 0 1 0.171 30.794 0.005
20 26 1 2 5 0 1 0.003 50.000 0.479
20 26 2 3 5 0 1 0.192 8.547 0.277
20 26 3 4 5 0 1 0.205 8.760 0.272
20 26 4 5 5 0 1 0.247 4.549 0.222
20 26 5 6 5 0 1 0.241 4.709 0.221
20 26 6 7 5 0 1 0.234 4.390 0.223
20 26 7 8 5 0 1 0.233 4.797 0.217
20 26 8 9 5 0 1 0.232 4.525 0.207
20 26 9 10 5 0 1 0.227 4.681 0.206
20 26 10 11 5 0 1 0.226 4.503 0.201
20 26 11 12 5 0 1 0.244 3.455 0.175
20 26 12 13 5 0 1 0.242 3.750 0.174
20 26 13 14 5 0 1 0.229 3.994 0.181
20 26 14 15 5 0 1 0.215 4.863 0.187
20 26 15 16 5 0 1 0.230 3.941 0.169
20 26 16 17 5 0 1 0.230 3.633 0.163
20 26 17 18 5 0 1 0.208 4.789 0.183
20 26 18 19 5 0 1 0.219 4.130 0.168
20 26 19 20 5 0 1 0.233 3.320 0.147
20 26 20 21 5 0 1 0.220 3.780 0.157
20 26 21 22 5 0 1 0.221 3.858 0.152
20 26 22 23 5 0 1 0.214 4.133 0.159
20 26 23 24 5 0 1 0.209 4.412 0.157
20 26 24 25 5 0 1 0.237 2.951 0.135
20 26 25 26 5 0 1 0.203 4.540 0.153
20 26 26 27 5 0 1 0.204 5.171 0.154
20 26 27 28 5 0 1 0.200 5.365 0.149
20 26 28 29 5 0 1 0.200 5.011 0.160
20 26 29 30 5 0 1 0.171 9.915 0.173
20 26 30 31 5 0 1 0.212 6.733 0.129
20 26 31 32 5 0 1 0.153 12.806 0.188
20 26 32 33 5 0 1 0.143 17.859 0.187
20 26 33 34 5 0 1 0.168 20.474 0.169
20 26 34 35 5 0 1 0.125 23.905 0.198
20 26 35 36 5 0 1 0.400 50.000 0.990
20 26 36 37 5 0 1 0.345 1.000 0.001
20 26 37 38 5 0 1 0.330 1.000 0.009
20 26 38 39 5 0 1 0.290 2.452 0.015
20 26 39 40 5 0 1 0.250 1.000 0.014
20 26 40 41 5 0 1 0.333 2.056 0.001
20 26 41 42 5 0 1 0.344 8.622 0.001
20 26 42 43 5 0 1 0.370 7.810 0.001
20 26 43 44 5 0 1 0.360 2.197 0.003
20 26 44 45 5 0 1 0.267 3.428 0.001
26 32 0 1 5 0 1 0.400 50.000 0.990
26 32 1 2 5 0 1 0.350 2.516 0.139
26 32 2 3 5 0 1 0.132 15.684 0.373
26 32 3 4 5 0 1 0.219 6.413 0.287
26 32 4 5 5 0 1 0.228 6.213 0.264
26 32 5 6 5 0 1 0.187 7.969 0.297
26 32 6 7 5 0 1 0.235 4.822 0.243
26 32 7 8 5 0 1 0.242 4.760 0.226
26 32 8 9 5 0 1 0.224 5.459 0.241
26 32 9 10 5 0 1 0.210 6.087 0.246
26 32 10 11 5 0 1 0.236 4.449 0.216
26 32 11 12 5 0 1 0.214 5.470 0.229
26 32 12 13 5 0 1 0.218 5.011 0.224
26 32 13 14 5 0 1 0.224 4.668 0.206
26 32 14 15 5 0 1 0.229 4.523 0.197
26 32 15 16 5 0 1 0.207 5.708 0.214
26 32 16 17 5 0 1 0.224 4.512 0.195
26 32 17 18 5 0 1 0.229 4.184 0.189
26 32 18 19 5 0 1 0.219 4.480 0.191
26 32 19 20 5 0 1 0.223 4.187 0.183
26 32 20 21 5 0 1 0.231 3.732 0.171
26 32 21 22 5 0 1 0.218 4.626 0.178
26 32 22 23 5 0 1 0.234 3.645 0.162
26 32 23 24 5 0 1 0.221 4.115 0.168
26 32 24 25 5 0 1 0.213 4.553 0.172
26 32 25 26 5 0 1 0.210 4.876 0.174
26 32 26 27 5 0 1 0.204 5.140 0.175
26 32 27 28 5 0 1 0.212 4.558 0.170
26 32 28 29 5 0 1 0.218 4.904 0.161
26 32 29 30 5 0 1 0.103 18.077 0.269
26 32 30 31 5 0 1 0.190 6.266 0.178
26 32 31 32 5 0 1 0.224 4.000 0.134
26 32 32 33 5 0 1 0.228 3.176 0.116
26 32 33 34 5 0 1 0.183 7.010 0.172
26 32 34 35 5 0 1 0.390 1.000 0.006
26 32 35 36 5 0 1 0.267 3.959 0.088
26 32 36 37 5 0 1 0.400 50.000 0.001
26 32 37 38 5 0 1 0.400 50.000 0.990
26 32 38 39 5 0 1 0.400 50.000 0.990
26 32 39 40 5 0 1 0.310 1.000 0.006
26 32 40 41 5 0 1 0.362 49.181 0.021
26 32 41 42 5 0 1 0.356 4.369 0.006
26 32 42 43 5 0 1 0.400 50.000 0.001
26 32 43 44 5 0 1 0.347 47.954 0.002
26 32 44 45 5 0 1 0.400 50.000 0.990
32 40 0 1 5 0 1 0.389 39.985 0.006
32 40 1 2 5 0 1 0.400 1.000 0.002
32 40 2 3 5 0 1 0.062 20.275 0.464
32 40 3 4 5 0 1 0.092 15.410 0.437
32 40 4 5 5 0 1 0.209 7.519 0.306
32 40 5 6 5 0 1 0.199 7.966 0.313
32 40 6 7 5 0 1 0.211 6.824 0.290
32 40 7 8 5 0 1 0.213 6.534 0.279
32 40 8 9 5 0 1 0.207 7.070 0.281
32 40 9 10 5 0 1 0.195 7.082 0.289
32 40 10 11 5 0 1 0.216 6.152 0.260
32 40 11 12 5 0 1 0.208 6.367 0.260
32 40 12 13 5 0 1 0.217 5.662 0.251
32 40 13 14 5 0 1 0.201 6.512 0.255
32 40 14 15 5 0 1 0.210 5.921 0.244
32 40 15 16 5 0 1 0.216 5.572 0.233
32 40 16 17 5 0 1 0.212 5.736 0.236
32 40 17 18 5 0 1 0.215 5.318 0.223
32 40 18 19 5 0 1 0.212 5.713 0.225
32 40 19 20 5 0 1 0.209 5.483 0.227
32 40 20 21 5 0 1 0.226 4.669 0.207
32 40 21 22 5 0 1 0.213 5.281 0.213
32 40 22 23 5 0 1 0.208 5.380 0.215
32 40 23 24 5 0 1 0.201 6.017 0.217
32 40 24 25 5 0 1 0.213 5.031 0.207
32 40 25 26 5 0 1 0.194 6.305 0.222
32 40 26 27 5 0 1 0.188 7.516 0.221
32 40 27 28 5 0 1 0.209 5.893 0.192
32 40 28 29 5 0 1 0.220 4.399 0.187
32 40 29 30 5 0 1 0.230 3.868 0.170
32 40 30 31 5 0 1 0.228 4.955 0.165
32 40 31 32 5 0 1 0.236 3.631 0.149
32 40 32 33 5 0 1 0.180 10.542 0.185
32 40 33 34 5 0 1 0.094 25.866 0.291
32 40 34 35 5 0 1 0.000 47.934 0.367
32 40 35 36 5 0 1 0.159 16.603 0.237
32 40 36 37 5 0 1 0.133 21.573 0.245
32 40 37 38 5 0 1 0.390 1.000 0.004
32 40 38 39 5 0 1 0.219 5.437 0.125
32 40 39 40 5 0 1 0.182 12.993 0.163
32 40 40 41 5 0 1 0.209 50.000 0.131
32 40 41 42 5 0 1 0.270 1.000 0.004
32 40 42 43 5 0 1 0.400 50.000 0.990
32 40 43 44 5 0 1 0.007 47.092 0.001
32 40 44 45 5 0 1 0.400 50.000 0.990
40 51 0 1 5 0 1 0.400 50.000 0.990
40 51 1 2 5 0 1 0.080 50.000 0.481
40 51 2 3 5 0 1 0.053 22.244 0.493
40 51 3 4 5 0 1 0.256 6.365 0.286
40 51 4 5 5 0 1 0.099 14.632 0.440
40 51 5 6 5 0 1 0.168 9.661 0.370
40 51 6 7 5 0 1 0.165 10.016 0.369
40 51 7 8 5 0 1 0.185 8.616 0.337
40 51 8 9 5 0 1 0.120 12.876 0.397
40 51 9 10 5 0 1 0.169 9.181 0.343
40 51 10 11 5 0 1 0.167 9.458 0.338
40 51 11 12 5 0 1 0.186 7.819 0.316
40 51 12 13 5 0 1 0.188 8.066 0.309
40 51 13 14 5 0 1 0.201 7.112 0.289
40 51 14 15 5 0 1 0.175 8.561 0.313
40 51 15 16 5 0 1 0.187 7.653 0.295
40 51 16 17 5 0 1 0.178 8.186 0.299
40 51 17 18 5 0 1 0.189 7.540 0.287
40 51 18 19 5 0 1 0.166 8.780 0.304
40 51 19 20 5 0 1 0.192 7.144 0.278
40 51 20 21 5 0 1 0.157 9.129 0.305
40 51 21 22 5 0 1 0.209 6.377 0.249
40 51 22 23 5 0 1 0.173 8.160 0.283
40 51 23 24 5 0 1 0.149 9.933 0.304
40 51 24 25 5 0 1 0.208 6.322 0.237
40 51 25 26 5 0 1 0.183 7.413 0.260
40 51 26 27 5 0 1 0.184 8.092 0.259
40 51 27 28 5 0 1 0.198 6.937 0.237
40 51 28 29 5 0 1 0.218 4.906 0.210
40 51 29 30 5 0 1 0.135 10.918 0.307
40 51 30 31 5 0 1 0.237 4.827 0.182
40 51 31 32 5 0 1 0.226 5.501 0.196
40 51 32 33 5 0 1 0.204 7.816 0.217
40 51 33 34 5 0 1 0.173 9.071 0.249
40 51 34 35 5 0 1 0.197 7.198 0.211
40 51 35 36 5 0 1 0.237 4.974 0.170
40 51 36 37 5 0 1 0.067 50.000 0.353
40 51 37 38 5 0 1 0.249 6.543 0.150
40 51 38 39 5 0 1 0.088 50.000 0.275
40 51 39 40 5 0 1 0.067 50.000 0.316
40 51 40 41 5 0 1 0.130 36.624 0.236
40 51 41 42 5 0 1 0.230 1.000 0.990
40 51 42 43 5 0 1 0.091 50.000 0.255
40 51 43 44 5 0 1 0.274 10.972 0.070
40 51 44 45 5 0 1 0.390 1.000 0.006
51 64 0 1 5 0 1 0.400 50.000 0.990
51 64 1 2 5 0 1 0.304 8.963 0.270
51 64 2 3 5 0 1 0.000 25.157 0.571
51 64 3 4 5 0 1 0.237 8.972 0.345
51 64 4 5 5 0 1 0.074 18.322 0.497
51 64 5 6 5 0 1 0.019 22.705 0.544
51 64 6 7 5 0 1 0.127 12.766 0.433
51 64 7 8 5 0 1 0.133 13.284 0.417
51 64 8 9 5 0 1 0.071 16.714 0.476
51 64 9 10 5 0 1 0.078 16.151 0.463
51 64 10 11 5 0 1 0.147 11.087 0.394
51 64 11 12 5 0 1 0.135 12.154 0.398
51 64 12 13 5 0 1 0.103 13.755 0.428
51 64 13 14 5 0 1 0.113 13.481 0.411
51 64 14 15 5 0 1 0.142 11.120 0.377
51 64 15 16 5 0 1 0.181 8.745 0.333
51 64 16 17 5 0 1 0.189 8.383 0.321
51 64 17 18 5 0 1 0.143 10.775 0.362
51 64 18 19 5 0 1 0.153 10.298 0.356
51 64 19 20 5 0 1 0.120 13.002 0.378
51 64 20 21 5 0 1 0.178 8.585 0.313
51 64 21 22 5 0 1 0.161 9.868 0.334
51 64 22 23 5 0 1 0.144 10.671 0.342
51 64 23 24 5 0 1 0.134 12.038 0.345
51 64 24 25 5 0 1 0.155 10.023 0.321
51 64 25 26 5 0 1 0.089 16.791 0.390
51 64 26 27 5 0 1 0.124 13.081 0.351
51 64 27 28 5 0 1 0.146 12.159 0.321
51 64 28 29 5 0 1 0.114 15.027 0.357
51 64 29 30 5 0 1 0.216 6.158 0.243
51 64 30 31 5 0 1 0.059 20.559 0.392
51 64 31 32 5 0 1 0.100 15.279 0.357
51 64 32 33 5 0 1 0.088 18.539 0.359
51 64 33 34 5 0 1 0.400 50.000 0.990
51 64 34 35 5 0 1 0.000 31.419 0.455
51 64 35 36 5 0 1 0.243 6.455 0.182
51 64 36 37 5 0 1 0.329 3.022 0.083
51 64 37 38 5 0 1 0.390 1.000 0.006
51 64 38 39 5 0 1 0.277 5.169 0.143
51 64 39 40 5 0 1 0.400 50.000 0.990
51 64 40 41 5 0 1 0.390 1.000 0.005
51 64 41 42 5 0 1 0.370 1.000 0.032
51 64 42 43 5 0 1 0.400 50.000 0.990
51 64 43 44 5 0 1 0.400 1.000 0.002
51 64 44 45 5 0 1 0.400 50.000 0.990
64 80 0 1 5 0 1 0.400 50.000 0.990
64 80 1 2 5 0 1 0.400 50.000 0.990
64 80 2 3 5 0 1 0.000 39.550 0.588
64 80 3 4 5 0 1 0.000 28.261 0.590
64 80 4 5 5 0 1 0.000 25.691 0.587
64 80 5 6 5 0 1 0.000 24.927 0.592
64 80 6 7 5 0 1 0.000 23.941 0.585
64 80 7 8 5 0 1 0.000 23.573 0.581
64 80 8 9 5 0 1 0.000 22.283 0.573
64 80 9 10 5 0 1 0.000 22.543 0.573
64 80 10 11 5 0 1 0.000 22.357 0.558
64 80 11 12 5 0 1 0.000 22.318 0.561
64 80 12 13 5 0 1 0.024 20.111 0.533
64 80 13 14 5 0 1 0.000 22.725 0.550
64 80 14 15 5 0 1 0.074 17.292 0.474
64 80 15 16 5 0 1 0.026 21.126 0.523
64 80 16 17 5 0 1 0.005 22.066 0.532
64 80 17 18 5 0 1 0.030 19.376 0.510
64 80 18 19 5 0 1 0.000 23.505 0.534
64 80 19 20 5 0 1 0.046 19.891 0.481
64 80 20 21 5 0 1 0.125 13.413 0.403
64 80 21 22 5 0 1 0.051 20.000 0.468
64 80 22 23 5 0 1 0.098 15.482 0.416
64 80 23 24 5 0 1 0.127 13.425 0.389
64 80 24 25 5 0 1 0.154 11.317 0.360
64 80 25 26 5 0 1 0.161 11.230 0.351
64 80 26 27 5 0 1 0.087 15.524 0.418
64 80 27 28 5 0 1 0.110 15.011 0.390
64 80 28 29 5 0 1 0.082 16.072 0.411
64 80 29 30 5 0 1 0.000 28.473 0.506
64 80 30 31 5 0 1 0.123 16.895 0.375
64 80 31 32 5 0 1 0.286 5.649 0.201
64 80 32 33 5 0 1 0.000 30.996 0.459
64 80 33 34 5 0 1 0.096 22.925 0.379
64 80 34 35 5 0 1 0.350 1.742 0.092
64 80 35 36 5 0 1 0.000 31.676 0.477
64 80 36 37 5 0 1 0.001 50.000 0.471
64 80 37 38 5 0 1 0.325 3.919 0.131
64 80 38 39 5 0 1 0.307 3.445 0.130
64 80 39 40 5 0 1 0.228 15.233 0.233
64 80 40 41 5 0 1 0.235 50.000 0.169
64 80 41 42 5 0 1 0.400 50.000 0.990
64 80 42 43 5 0 1 0.375 11.868 0.067
64 80 43 44 5 0 1 0.373 44.770 0.002
64 80 44 45 5 0 1 0.400 50.000 0.990
80 101 0 1 5 0 1 0.156 12.943 0.002
80 101 1 2 5 0 1 0.307 10.245 0.297
80 101 2 3 5 0 1 0.000 46.860 0.634
80 101 3 4 5 0 1 0.029 27.323 0.585
80 101 4 5 5 0 1 0.000 24.941 0.617
80 101 5 6 5 0 1 0.000 26.164 0.619
80 101 6 7 5 0 1 0.000 24.671 0.607
80 101 7 8 5 0 1 0.000 23.728 0.609
80 101 8 9 5 0 1 0.000 23.834 0.599
80 101 9 10 5 0 1 0.000 23.857 0.597
80 101 10 11 5 0 1 0.000 24.347 0.591
80 101 11 12 5 0 1 0.000 24.457 0.589
80 101 12 13 5 0 1 0.000 23.325 0.584
80 101 13 14 5 0 1 0.000 24.205 0.578
80 101 14 15 5 0 1 0.000 23.557 0.578
80 101 15 16 5 0 1 0.000 24.123 0.569
80 101 16 17 5 0 1 0.000 24.352 0.568
80 101 17 18 5 0 1 0.000 24.853 0.562
80 101 18 19 5 0 1 0.000 23.133 0.562
80 101 19 20 5 0 1 0.000 24.711 0.566
80 101 20 21 5 0 1 0.000 25.028 0.556
80 101 21 22 5 0 1 0.000 24.936 0.555
80 101 22 23 5 0 1 0.000 24.374 0.550
80 101 23 24 5 0 1 0.000 23.507 0.545
80 101 24 25 5 0 1 0.000 27.151 0.533
80 101 25 26 5 0 1 0.196 10.748 0.337
80 101 26 27 5 0 1 0.128 15.774 0.408
80 101 27 28 5 0 1 0.051 24.486 0.483
80 101 28 29 5 0 1 0.000 28.580 0.536
80 101 29 30 5 0 1 0.000 27.531 0.522
80 101 30 31 5 0 1 0.000 30.162 0.514
80 101 31 32 5 0 1 0.016 29.872 0.521
80 101 32 33 5 0 1 0.400 50.000 0.990
80 101 33 34 5 0 1 0.319 4.123 0.167
80 101 34 35 5 0 1 0.077 50.000 0.453
80 101 35 36 5 0 1 0.394 48.630 0.026
80 101 36 37 5 0 1 0.400 1.000 0.002
80 101 37 38 5 0 1 0.272 12.010 0.198
80 101 38 39 5 0 1 0.349 2.904 0.115
80 101 39 40 5 0 1 0.349 2.943 0.077
80 101 40 41 5 0 1 0.218 36.130 0.323
80 101 41 42 5 0 1 0.400 50.000 0.990
80 101 42 43 5 0 1 0.400 50.000 0.990
80 101 43 44 5 0 1 0.400 39.070 0.064
101 127 1 2 5 0 1 0.053 49.226 0.005
101 127 2 3 5 0 1 0.008 50.000 0.619
101 127 3 4 5 0 1 0.000 34.364 0.632
101 127 4 5 5 0 1 0.000 30.934 0.633
101 127 5 6 5 0 1 0.000 30.130 0.637
101 127 6 7 5 0 1 0.000 28.631 0.632
101 127 7 8 5 0 1 0.000 29.024 0.628
101 127 8 9 5 0 1 0.000 27.904 0.622
101 127 9 10 5 0 1 0.000 25.530 0.620
101 127 10 11 5 0 1 0.000 26.168 0.615
101 127 11 12 5 0 1 0.000 26.542 0.616
101 127 12 13 5 0 1 0.000 27.114 0.610
101 127 13 14 5 0 1 0.000 25.340 0.609
101 127 14 15 5 0 1 0.000 25.311 0.604
101 127 15 16 5 0 1 0.000 26.518 0.606
101 127 16 17 5 0 1 0.000 25.898 0.600
101 127 17 18 5 0 1 0.000 26.886 0.597
101 127 18 19 5 0 1 0.000 26.158 0.586
101 127 19 20 5 0 1 0.000 28.295 0.584
101 127 20 21 5 0 1 0.000 28.536 0.594
101 127 21 22 5 0 1 0.000 27.821 0.585
101 127 22 23 5 0 1 0.000 28.036 0.575
101 127 23 24 5 0 1 0.000 27.856 0.584
101 127 24 25 5 0 1 0.000 29.402 0.573
101 127 25 26 5 0 1 0.086 20.993 0.476
101 127 26 27 5 0 1 0.000 35.133 0.570
101 127 27 28 5 0 1 0.000 31.620 0.564
101 127 28 29 5 0 1 0.000 36.531 0.565
101 127 29 30 5 0 1 0.000 34.811 0.557
101 127 30 31 5 0 1 0.000 39.921 0.552
101 127 31 32 5 0 1 0.127 33.201 0.440
101 127 32 33 5 0 1 0.245 15.488 0.293
101 127 33 34 5 0 1 0.400 9.203 0.181
101 127 34 35 5 0 1 0.400 50.000 0.990
101 127 35 36 5 0 1 0.183 26.501 0.338
101 127 36 37 5 0 1 0.390 1.000 0.004
101 127 37 38 5 0 1 0.306 20.795 0.112
101 127 38 39 5 0 1 0.400 50.000 0.990
101 127 39 40 5 0 1 0.385 1.510 0.001
101 127 40 41 5 0 1 0.400 50.000 0.109
101 127 41 42 5 0 1 0.400 50.000 0.990
101 127 42 43 5 0 1 0.370 1.000 0.005
101 127 43 44 5 0 1 0.377 4.105 0.005
101 127 44 45 5 0 1 0.400 50.000 0.990
127 159 1 2 5 0 1 0.400 50.000 0.990
127 159 2 3 5 0 1 0.109 50.000 0.557
127 159 3 4 5 0 1 0.000 39.005 0.639
127 159 4 5 5 0 1 0.000 38.030 0.661
127 159 5 6 5 0 1 0.000 33.338 0.644
127 159 6 7 5 0 1 0.000 29.304 0.651
127 159 7 8 5 0 1 0.000 31.342 0.651
127 159 8 9 5 0 1 0.000 28.749 0.640
127 159 9 10 5 0 1 0.000 30.721 0.650
127 159 10 11 5 0 1 0.000 28.713 0.638
127 159 11 12 5 0 1 0.000 29.562 0.632
127 159 12 13 5 0 1 0.000 29.356 0.638
127 159 13 14 5 0 1 0.000 29.693 0.635
127 159 14 15 5 0 1 0.000 32.242 0.632
127 159 15 16 5 0 1 0.000 29.313 0.625
127 159 16 17 5 0 1 0.000 32.082 0.625
127 159 17 18 5 0 1 0.000 28.018 0.613
127 159 18 19 5 0 1 0.000 32.021 0.622
127 159 19 20 5 0 1 0.000 31.655 0.614
127 159 20 21 5 0 1 0.000 33.032 0.610
127 159 21 22 5 0 1 0.000 29.305 0.607
127 159 22 23 5 0 1 0.000 30.377 0.601
127 159 23 24 5 0 1 0.000 34.148 0.605
127 159 24 25 5 0 1 0.000 32.772 0.594
127 159 25 26 5 0 1 0.000 35.012 0.607
127 159 26 27 5 0 1 0.000 39.585 0.591
127 159 27 28 5 0 1 0.000 33.871 0.551
127 159 28 29 5 0 1 0.100 28.432 0.469
127 159 29 30 5 0 1 0.400 6.226 0.183
127 159 30 31 5 0 1 0.206 19.248 0.371
127 159 31 32 5 0 1 0.200 18.731 0.360
127 159 32 33 5 0 1 0.152 50.000 0.459
127 159 33 34 5 0 1 0.098 49.216 0.002
127 159 34 35 5 0 1 0.176 50.000 0.368
127 159 35 36 5 0 1 0.400 1.314 0.990
127 159 37 38 5 0 1 0.390 18.353 0.061
127 159 38 39 5 0 1 0.400 50.000 0.196
127 159 39 40 5 0 1 0.400 50.000 0.990
127 159 43 44 5 0 1 0.150 1.856 0.001
127 159 44 45 5 0 1 0.400 50.000 0.990
159 201 1 2 5 0 1 0.400 50.000 0.990
159 201 2 3 5 0 1 0.260 50.000 0.455
159 201 3 4 5 0 1 0.276 50.000 0.453
159 201 4 5 5 0 1 0.064 50.000 0.598
159 201 5 6 5 0 1 0.000 43.860 0.680
159 201 6 7 5 0 1 0.000 39.910 0.676
159 201 7 8 5 0 1 0.000 43.788 0.664
159 201 8 9 5 0 1 0.000 43.155 0.665
159 201 9 10 5 0 1 0.000 42.452 0.684
159 201 10 11 5 0 1 0.000 45.313 0.678
159 201 11 12 5 0 1 0.000 37.396 0.660
159 201 12 13 5 0 1 0.000 39.522 0.658
159 201 13 14 5 0 1 0.000 35.156 0.658
159 201 14 15 5 0 1 0.000 34.658 0.652
159 201 15 16 5 0 1 0.000 33.287 0.639
159 201 16 17 5 0 1 0.000 34.495 0.639
159 201 17 18 5 0 1 0.000 35.935 0.639
159 201 18 19 5 0 1 0.000 37.982 0.640
159 201 19 20 5 0 1 0.400 50.000 0.001
159 201 20 21 5 0 1 0.000 40.280 0.651
159 201 21 22 5 0 1 0.000 42.073 0.637
159 201 22 23 5 0 1 0.000 48.488 0.646
159 201 23 24 5 0 1 0.000 48.977 0.629
159 201 24 25 5 0 1 0.400 1.294 0.990
159 201 25 26 5 0 1 0.124 50.000 0.523
159 201 26 27 5 0 1 0.098 50.000 0.472
159 201 27 28 5 0 1 0.400 8.412 0.202
159 201 28 29 5 0 1 0.399 1.000 0.002
159 201 29 30 5 0 1 0.400 19.859 0.246
159 201 30 31 5 0 1 0.400 50.000 0.990
159 201 31 32 5 0 1 0.400 32.721 0.253
159 201 32 33 5 0 1 0.400 50.000 0.990
159 201 33 34 5 0 1 0.400 50.000 0.990
159 201 34 35 5 0 1 0.400 50.000 0.990
159 201 35 36 5 0 1 0.400 50.000 0.990
201 252 4 5 5 0 1 0.400 50.000 0.990
201 252 5 6 5 0 1 0.400 32.945 0.335
201 252 6 7 5 0 1 0.067 50.000 0.626
201 252 7 8 5 0 1 0.116 50.000 0.595
201 252 8 9 5 0 1 0.059 50.000 0.622
201 252 9 10 5 0 1 0.022 50.000 0.666
201 252 10 11 5 0 1 0.400 9.158 0.268
201 252 11 12 5 0 1 0.052 50.000 0.637
201 252 12 13 5 0 1 0.107 50.000 0.603
201 252 13 14 5 0 1 0.022 50.000 0.645
201 252 14 15 5 0 1 0.130 50.000 0.587
201 252 15 16 5 0 1 0.400 9.481 0.256
201 252 16 17 5 0 1 0.071 50.000 0.628
201 252 17 18 5 0 1 0.400 1.072 0.001
201 252 18 19 5 0 1 0.136 50.000 0.532
201 252 19 20 5 0 1 0.216 50.000 0.493
201 252 20 21 5 0 1 0.118 50.000 0.564
201 252 21 22 5 0 1 0.054 50.000 0.607
201 252 22 23 5 0 1 0.132 50.000 0.513
201 252 23 24 5 0 1 0.400 50.000 0.990
201 252 24 25 5 0 1 0.400 50.000 0.990
201 252 25 26 5 0 1 0.074 50.000 0.560
201 252 26 27 5 0 1 0.400 50.000 0.990
201 252 27 28 5 0 1 0.400 50.000 0.990
201 252 28 29 5 0 1 0.400 50.000 0.990
201 252 29 30 5 0 1 0.400 50.000 0.990
201 252 34 35 5 0 1 0.400 50.000 0.990
252 317 3 4 5 0 1 0.400 50.000 0.990
252 317 7 8 5 0 1 0.400 50.000 0.224
252 317 9 10 5 0 1 0.400 50.000 0.990
252 317 10 11 5 0 1 0.400 50.000 0.228
252 317 12 13 5 0 1 0.400 50.000 0.990
252 317 17 18 5 0 1 0.400 50.000 0.990
252 317 22 23 5 0 1 0.400 50.000 0.990
[gluon]
{2 JetPt Rho 1 x ((x-[0])<0)?0:TMath::Exp(-1.*(x-[0])*[1]/[2])*TMath::Power((x-[0]),[1]-1)*TMath::Power([2]/[1],-1.*[1])/TMath::Gamma([1]) Correction QGL_ptD_QC_F_gluon}
20 26 0 1 5 0 1 0.370 1.000 0.008
20 26 1 2 5 0 1 0.037 50.000 0.389
20 26 2 3 5 0 1 0.233 5.210 0.202
20 26 3 4 5 0 1 0.262 4.036 0.171
20 26 4 5 5 0 1 0.250 3.910 0.169
20 26 5 6 5 0 1 0.251 3.637 0.161
20 26 6 7 5 0 1 0.246 4.104 0.158
20 26 7 8 5 0 1 0.232 4.700 0.169
20 26 8 9 5 0 1 0.242 4.019 0.153
20 26 9 10 5 0 1 0.239 3.833 0.147
20 26 10 11 5 0 1 0.237 3.886 0.146
20 26 11 12 5 0 1 0.232 4.111 0.145
20 26 12 13 5 0 1 0.225 4.418 0.145
20 26 13 14 5 0 1 0.234 3.688 0.134
20 26 14 15 5 0 1 0.235 3.564 0.131
20 26 15 16 5 0 1 0.233 3.563 0.127
20 26 16 17 5 0 1 0.231 3.693 0.126
20 26 17 18 5 0 1 0.236 3.079 0.116
20 26 18 19 5 0 1 0.224 3.589 0.125
20 26 19 20 5 0 1 0.233 3.233 0.114
20 26 20 21 5 0 1 0.223 3.558 0.121
20 26 21 22 5 0 1 0.214 4.347 0.126
20 26 22 23 5 0 1 0.211 5.130 0.126
20 26 23 24 5 0 1 0.212 4.224 0.123
20 26 24 25 5 0 1 0.212 4.213 0.118
20 26 25 26 5 0 1 0.207 4.406 0.127
20 26 26 27 5 0 1 0.218 3.921 0.113
20 26 27 28 5 0 1 0.211 4.464 0.116
20 26 28 29 5 0 1 0.207 4.579 0.122
20 26 29 30 5 0 1 0.153 16.242 0.158
20 26 30 31 5 0 1 0.186 8.850 0.127
20 26 31 32 5 0 1 0.208 5.784 0.102
20 26 32 33 5 0 1 0.187 8.077 0.134
20 26 33 34 5 0 1 0.095 50.000 0.198
20 26 34 35 5 0 1 0.090 50.000 0.240
20 26 35 36 5 0 1 0.107 50.000 0.216
20 26 36 37 5 0 1 0.230 1.000 0.024
20 26 37 38 5 0 1 0.249 7.543 0.063
20 26 38 39 5 0 1 0.186 11.801 0.100
20 26 39 40 5 0 1 0.364 1.000 0.001
20 26 40 41 5 0 1 0.290 39.651 0.028
20 26 41 42 5 0 1 0.204 50.000 0.119
20 26 42 43 5 0 1 0.242 1.076 0.002
20 26 43 44 5 0 1 0.400 50.000 0.990
20 26 44 45 5 0 1 0.310 50.000 0.001
26 32 0 1 5 0 1 0.325 1.973 0.001
26 32 1 2 5 0 1 0.115 50.000 0.302
26 32 2 3 5 0 1 0.205 8.666 0.220
26 32 3 4 5 0 1 0.215 6.731 0.225
26 32 4 5 5 0 1 0.246 4.412 0.191
26 32 5 6 5 0 1 0.254 3.830 0.171
26 32 6 7 5 0 1 0.238 4.530 0.179
26 32 7 8 5 0 1 0.244 3.997 0.167
26 32 8 9 5 0 1 0.253 3.386 0.154
26 32 9 10 5 0 1 0.227 4.750 0.173
26 32 10 11 5 0 1 0.236 4.001 0.158
26 32 11 12 5 0 1 0.239 3.768 0.149
26 32 12 13 5 0 1 0.230 4.440 0.155
26 32 13 14 5 0 1 0.236 3.983 0.144
26 32 14 15 5 0 1 0.230 3.979 0.146
26 32 15 16 5 0 1 0.232 3.888 0.140
26 32 16 17 5 0 1 0.233 3.813 0.138
26 32 17 18 5 0 1 0.234 3.489 0.133
26 32 18 19 5 0 1 0.222 4.268 0.139
26 32 19 20 5 0 1 0.210 5.270 0.148
26 32 20 21 5 0 1 0.234 3.271 0.125
26 32 21 22 5 0 1 0.216 4.470 0.137
26 32 22 23 5 0 1 0.225 3.829 0.129
26 32 23 24 5 0 1 0.200 5.222 0.149
26 32 24 25 5 0 1 0.230 3.711 0.116
26 32 25 26 5 0 1 0.218 4.265 0.126
26 32 26 27 5 0 1 0.202 5.357 0.135
26 32 27 28 5 0 1 0.210 5.491 0.130
26 32 28 29 5 0 1 0.237 2.965 0.106
26 32 29 30 5 0 1 0.193 6.661 0.145
26 32 30 31 5 0 1 0.248 2.042 0.088
26 32 31 32 5 0 1 0.175 10.553 0.140
26 32 32 33 5 0 1 0.203 6.484 0.108
26 32 33 34 5 0 1 0.156 14.896 0.163
26 32 34 35 5 0 1 0.219 6.506 0.095
26 32 35 36 5 0 1 0.250 1.701 0.060
26 32 36 37 5 0 1 0.150 50.000 0.171
26 32 37 38 5 0 1 0.200 6.881 0.081
26 32 38 39 5 0 1 0.224 6.055 0.073
26 32 39 40 5 0 1 0.238 50.000 0.071
26 32 40 41 5 0 1 0.000 2.884 0.001
26 32 41 42 5 0 1 0.400 50.000 0.990
26 32 42 43 5 0 1 0.400 5.944 0.004
26 32 43 44 5 0 1 0.391 2.404 0.002
26 32 44 45 5 0 1 0.310 1.862 0.001
32 40 0 1 5 0 1 0.390 1.589 0.012
32 40 1 2 5 0 1 0.271 6.260 0.159
32 40 2 3 5 0 1 0.030 41.409 0.411
32 40 3 4 5 0 1 0.243 6.042 0.200
32 40 4 5 5 0 1 0.252 4.976 0.194
32 40 5 6 5 0 1 0.239 4.859 0.199
32 40 6 7 5 0 1 0.254 3.965 0.180
32 40 7 8 5 0 1 0.252 4.046 0.175
32 40 8 9 5 0 1 0.250 3.991 0.173
32 40 9 10 5 0 1 0.247 3.994 0.172
32 40 10 11 5 0 1 0.228 5.009 0.183
32 40 11 12 5 0 1 0.241 4.141 0.168
32 40 12 13 5 0 1 0.251 3.544 0.152
32 40 13 14 5 0 1 0.227 4.736 0.167
32 40 14 15 5 0 1 0.231 4.433 0.165
32 40 15 16 5 0 1 0.234 3.927 0.157
32 40 16 17 5 0 1 0.236 3.980 0.148
32 40 17 18 5 0 1 0.235 3.748 0.149
32 40 18 19 5 0 1 0.235 3.957 0.141
32 40 19 20 5 0 1 0.234 3.772 0.149
32 40 20 21 5 0 1 0.238 3.474 0.136
32 40 21 22 5 0 1 0.228 4.122 0.144
32 40 22 23 5 0 1 0.212 5.565 0.160
32 40 23 24 5 0 1 0.238 3.404 0.126
32 40 24 25 5 0 1 0.241 3.081 0.123
32 40 25 26 5 0 1 0.234 3.305 0.126
32 40 26 27 5 0 1 0.241 3.098 0.117
32 40 27 28 5 0 1 0.219 4.205 0.136
32 40 28 29 5 0 1 0.229 3.888 0.114
32 40 29 30 5 0 1 0.201 5.673 0.143
32 40 30 31 5 0 1 0.222 4.881 0.124
32 40 31 32 5 0 1 0.103 22.003 0.246
32 40 32 33 5 0 1 0.166 12.624 0.171
32 40 33 34 5 0 1 0.152 4.036 0.001
32 40 34 35 5 0 1 0.214 8.796 0.102
32 40 35 36 5 0 1 0.231 50.000 0.118
32 40 36 37 5 0 1 0.142 28.454 0.193
32 40 37 38 5 0 1 0.224 13.270 0.097
32 40 38 39 5 0 1 0.400 50.000 0.990
32 40 39 40 5 0 1 0.115 50.000 0.180
32 40 40 41 5 0 1 0.400 14.082 0.001
32 40 41 42 5 0 1 0.365 1.247 0.001
32 40 42 43 5 0 1 0.339 4.489 0.001
32 40 43 44 5 0 1 0.345 1.019 0.001
32 40 44 45 5 0 1 0.400 50.000 0.990
40 51 0 1 5 0 1 0.393 6.324 0.001
40 51 1 2 5 0 1 0.047 50.000 0.436
40 51 2 3 5 0 1 0.250 7.343 0.208
40 51 3 4 5 0 1 0.221 7.811 0.254
40 51 4 5 5 0 1 0.268 4.374 0.199
40 51 5 6 5 0 1 0.253 4.788 0.202
40 51 6 7 5 0 1 0.251 4.654 0.196
40 51 7 8 5 0 1 0.247 4.520 0.204
40 51 8 9 5 0 1 0.236 5.253 0.205
40 51 9 10 5 0 1 0.224 5.914 0.210
40 51 10 11 5 0 1 0.229 5.372 0.205
40 51 11 12 5 0 1 0.241 4.486 0.187
40 51 12 13 5 0 1 0.238 4.412 0.188
40 51 13 14 5 0 1 0.239 4.408 0.183
40 51 14 15 5 0 1 0.230 5.127 0.190
40 51 15 16 5 0 1 0.232 4.676 0.182
40 51 16 17 5 0 1 0.232 4.471 0.181
40 51 17 18 5 0 1 0.233 4.425 0.174
40 51 18 19 5 0 1 0.226 4.809 0.174
40 51 19 20 5 0 1 0.232 4.051 0.167
40 51 20 21 5 0 1 0.231 4.214 0.165
40 51 21 22 5 0 1 0.234 4.352 0.159
40 51 22 23 5 0 1 0.226 4.665 0.166
40 51 23 24 5 0 1 0.216 5.367 0.170
40 51 24 25 5 0 1 0.217 4.828 0.166
40 51 25 26 5 0 1 0.225 4.699 0.155
40 51 26 27 5 0 1 0.222 5.317 0.162
40 51 27 28 5 0 1 0.245 3.065 0.122
40 51 28 29 5 0 1 0.211 6.094 0.154
40 51 29 30 5 0 1 0.233 4.181 0.134
40 51 30 31 5 0 1 0.216 6.255 0.140
40 51 31 32 5 0 1 0.248 3.416 0.116
40 51 32 33 5 0 1 0.072 35.971 0.293
40 51 33 34 5 0 1 0.217 5.668 0.134
40 51 34 35 5 0 1 0.193 9.445 0.169
40 51 35 36 5 0 1 0.217 10.505 0.136
40 51 36 37 5 0 1 0.400 1.000 0.002
40 51 37 38 5 0 1 0.400 50.000 0.990
40 51 38 39 5 0 1 0.270 1.000 0.007
40 51 39 40 5 0 1 0.330 1.165 0.007
40 51 40 41 5 0 1 0.249 14.548 0.011
40 51 41 42 5 0 1 0.311 4.309 0.001
40 51 42 43 5 0 1 0.400 50.000 0.990
40 51 43 44 5 0 1 0.104 48.542 0.001
40 51 44 45 5 0 1 0.400 50.000 0.990
51 64 0 1 5 0 1 0.400 50.000 0.990
51 64 1 2 5 0 1 0.212 50.000 0.270
51 64 2 3 5 0 1 0.086 29.673 0.397
51 64 3 4 5 0 1 0.254 6.220 0.227
51 64 4 5 5 0 1 0.206 9.310 0.268
51 64 5 6 5 0 1 0.237 6.250 0.242
51 64 6 7 5 0 1 0.210 7.644 0.264
51 64 7 8 5 0 1 0.234 5.613 0.231
51 64 8 9 5 0 1 0.217 6.797 0.248
51 64 9 10 5 0 1 0.234 5.907 0.224
51 64 10 11 5 0 1 0.239 5.610 0.215
51 64 11 12 5 0 1 0.238 5.033 0.216
51 64 12 13 5 0 1 0.226 6.122 0.221
51 64 13 14 5 0 1 0.200 7.067 0.246
51 64 14 15 5 0 1 0.228 5.435 0.214
51 64 15 16 5 0 1 0.239 4.962 0.199
51 64 16 17 5 0 1 0.227 5.517 0.207
51 64 17 18 5 0 1 0.207 6.675 0.226
51 64 18 19 5 0 1 0.231 4.903 0.197
51 64 19 20 5 0 1 0.238 4.397 0.190
51 64 20 21 5 0 1 0.230 5.128 0.193
51 64 21 22 5 0 1 0.207 6.736 0.214
51 64 22 23 5 0 1 0.236 4.684 0.185
51 64 23 24 5 0 1 0.214 5.807 0.199
51 64 24 25 5 0 1 0.208 6.990 0.195
51 64 25 26 5 0 1 0.267 3.527 0.145
51 64 26 27 5 0 1 0.102 17.080 0.307
51 64 27 28 5 0 1 0.248 3.550 0.150
51 64 28 29 5 0 1 0.241 4.613 0.141
51 64 29 30 5 0 1 0.240 4.625 0.143
51 64 30 31 5 0 1 0.214 8.222 0.182
51 64 31 32 5 0 1 0.241 6.858 0.150
51 64 32 33 5 0 1 0.019 50.000 0.361
51 64 33 34 5 0 1 0.125 50.000 0.247
51 64 34 35 5 0 1 0.234 18.670 0.102
51 64 35 36 5 0 1 0.104 50.000 0.249
51 64 36 37 5 0 1 0.124 50.000 0.261
51 64 37 38 5 0 1 0.350 1.634 0.012
51 64 38 39 5 0 1 0.303 1.000 0.002
51 64 39 40 5 0 1 0.400 50.000 0.990
51 64 40 41 5 0 1 0.400 50.000 0.990
51 64 41 42 5 0 1 0.400 50.000 0.990
51 64 42 43 5 0 1 0.340 2.810 0.001
51 64 43 44 5 0 1 0.400 50.000 0.990
51 64 44 45 5 0 1 0.345 47.593 0.033
64 80 0 1 5 0 1 0.400 50.000 0.001
64 80 1 2 5 0 1 0.400 50.000 0.990
64 80 2 3 5 0 1 0.187 16.260 0.299
64 80 3 4 5 0 1 0.239 9.259 0.269
64 80 4 5 5 0 1 0.285 4.953 0.217
64 80 5 6 5 0 1 0.243 6.371 0.262
64 80 6 7 5 0 1 0.203 8.377 0.297
64 80 7 8 5 0 1 0.236 6.527 0.254
64 80 8 9 5 0 1 0.213 7.943 0.277
64 80 9 10 5 0 1 0.246 5.990 0.245
64 80 10 11 5 0 1 0.226 6.624 0.256
64 80 11 12 5 0 1 0.188 8.685 0.291
64 80 12 13 5 0 1 0.223 6.921 0.253
64 80 13 14 5 0 1 0.238 5.695 0.228
64 80 14 15 5 0 1 0.204 7.571 0.259
64 80 15 16 5 0 1 0.174 9.455 0.287
64 80 16 17 5 0 1 0.237 5.783 0.221
64 80 17 18 5 0 1 0.157 11.145 0.298
64 80 18 19 5 0 1 0.162 11.020 0.290
64 80 19 20 5 0 1 0.195 8.315 0.256
64 80 20 21 5 0 1 0.162 10.346 0.287
64 80 21 22 5 0 1 0.219 6.323 0.223
64 80 22 23 5 0 1 0.194 6.958 0.236
64 80 23 24 5 0 1 0.213 7.552 0.225
64 80 24 25 5 0 1 0.201 8.260 0.221
64 80 25 26 5 0 1 0.201 8.534 0.232
64 80 26 27 5 0 1 0.000 40.747 0.411
64 80 27 28 5 0 1 0.000 49.734 0.414
64 80 28 29 5 0 1 0.000 44.560 0.429
64 80 29 30 5 0 1 0.027 44.405 0.390
64 80 30 31 5 0 1 0.093 50.000 0.314
64 80 31 32 5 0 1 0.069 27.351 0.331
64 80 32 33 5 0 1 0.400 50.000 0.001
64 80 33 34 5 0 1 0.400 1.002 0.002
64 80 34 35 5 0 1 0.168 34.960 0.237
64 80 35 36 5 0 1 0.388 32.795 0.004
64 80 36 37 5 0 1 0.311 48.917 0.013
64 80 37 38 5 0 1 0.148 50.000 0.177
64 80 38 39 5 0 1 0.330 1.535 0.008
64 80 39 40 5 0 1 0.400 50.000 0.990
64 80 40 41 5 0 1 0.400 50.000 0.990
64 80 41 42 5 0 1 0.400 3.881 0.004
64 80 42 43 5 0 1 0.384 1.000 0.001
64 80 43 44 5 0 1 0.395 6.366 0.001
64 80 44 45 5 0 1 0.399 3.639 0.001
80 101 0 1 5 0 1 0.400 50.000 0.990
80 101 1 2 5 0 1 0.306 50.000 0.188
80 101 2 3 5 0 1 0.345 4.041 0.113
80 101 3 4 5 0 1 0.202 19.496 0.341
80 101 4 5 5 0 1 0.000 41.146 0.497
80 101 5 6 5 0 1 0.220 10.862 0.302
80 101 6 7 5 0 1 0.113 19.324 0.397
80 101 7 8 5 0 1 0.137 14.574 0.381
80 101 8 9 5 0 1 0.178 11.057 0.335
80 101 9 10 5 0 1 0.206 9.636 0.303
80 101 10 11 5 0 1 0.187 10.764 0.323
80 101 11 12 5 0 1 0.196 9.761 0.305
80 101 12 13 5 0 1 0.192 10.714 0.309
80 101 13 14 5 0 1 0.167 10.899 0.332
80 101 14 15 5 0 1 0.175 10.425 0.316
80 101 15 16 5 0 1 0.176 11.026 0.311
80 101 16 17 5 0 1 0.242 5.953 0.237
80 101 17 18 5 0 1 0.142 13.638 0.342
80 101 18 19 5 0 1 0.115 14.257 0.373
80 101 19 20 5 0 1 0.233 7.807 0.249
80 101 20 21 5 0 1 0.124 16.735 0.348
80 101 21 22 5 0 1 0.225 7.505 0.249
80 101 22 23 5 0 1 0.185 10.958 0.281
80 101 23 24 5 0 1 0.027 31.051 0.431
80 101 24 25 5 0 1 0.000 43.374 0.464
80 101 25 26 5 0 1 0.202 11.189 0.249
80 101 26 27 5 0 1 0.000 47.288 0.442
80 101 27 28 5 0 1 0.276 4.801 0.169
80 101 28 29 5 0 1 0.259 17.967 0.182
80 101 29 30 5 0 1 0.303 4.210 0.141
80 101 30 31 5 0 1 0.158 50.000 0.239
80 101 31 32 5 0 1 0.400 50.000 0.990
80 101 32 33 5 0 1 0.295 6.673 0.116
80 101 33 34 5 0 1 0.400 50.000 0.990
80 101 34 35 5 0 1 0.290 1.000 0.990
80 101 35 36 5 0 1 0.341 4.307 0.001
80 101 36 37 5 0 1 0.390 1.119 0.013
80 101 37 38 5 0 1 0.400 50.000 0.990
80 101 38 39 5 0 1 0.400 50.000 0.990
80 101 39 40 5 0 1 0.400 50.000 0.990
80 101 40 41 5 0 1 0.400 50.000 0.990
80 101 41 42 5 0 1 0.375 6.853 0.007
80 101 42 43 5 0 1 0.400 50.000 0.990
80 101 43 44 5 0 1 0.400 50.000 0.990
101 127 1 2 5 0 1 0.400 50.000 0.990
101 127 2 3 5 0 1 0.351 50.000 0.171
101 127 3 4 5 0 1 0.158 50.000 0.286
101 127 4 5 5 0 1 0.389 2.770 0.150
101 127 5 6 5 0 1 0.000 41.418 0.526
101 127 6 7 5 0 1 0.066 29.254 0.455
101 127 7 8 5 0 1 0.234 11.028 0.300
101 127 8 9 5 0 1 0.161 12.077 0.380
101 127 9 10 5 0 1 0.220 12.612 0.315
101 127 10 11 5 0 1 0.217 10.748 0.303
101 127 11 12 5 0 1 0.146 14.396 0.369
101 127 12 13 5 0 1 0.158 14.075 0.364
101 127 13 14 5 0 1 0.057 23.651 0.482
101 127 14 15 5 0 1 0.039 26.005 0.482
101 127 15 16 5 0 1 0.021 25.831 0.494
101 127 16 17 5 0 1 0.184 12.770 0.324
101 127 17 18 5 0 1 0.243 9.045 0.270
101 127 18 19 5 0 1 0.000 33.081 0.516
101 127 19 20 5 0 1 0.005 39.046 0.490
101 127 20 21 5 0 1 0.130 19.417 0.369
101 127 21 22 5 0 1 0.000 40.048 0.499
101 127 22 23 5 0 1 0.211 13.768 0.290
101 127 23 24 5 0 1 0.047 50.000 0.424
101 127 24 25 5 0 1 0.156 50.000 0.317
101 127 25 26 5 0 1 0.299 4.456 0.172
101 127 26 27 5 0 1 0.350 1.587 0.080
101 127 27 28 5 0 1 0.400 50.000 0.990
101 127 28 29 5 0 1 0.312 6.511 0.130
101 127 29 30 5 0 1 0.338 20.594 0.135
101 127 30 31 5 0 1 0.313 4.495 0.002
101 127 31 32 5 0 1 0.000 48.129 0.001
101 127 32 33 5 0 1 0.400 50.000 0.990
101 127 33 34 5 0 1 0.370 1.000 0.005
101 127 34 35 5 0 1 0.400 50.000 0.990
101 127 35 36 5 0 1 0.400 50.000 0.039
101 127 36 37 5 0 1 0.400 50.000 0.990
101 127 37 38 5 0 1 0.393 6.398 0.001
101 127 38 39 5 0 1 0.400 3.047 0.004
101 127 39 40 5 0 1 0.374 10.267 0.010
101 127 40 41 5 0 1 0.400 50.000 0.001
101 127 41 42 5 0 1 0.400 50.000 0.001
101 127 42 43 5 0 1 0.387 2.527 0.001
101 127 43 44 5 0 1 0.370 1.638 0.001
101 127 44 45 5 0 1 0.400 50.000 0.001
127 159 1 2 5 0 1 0.360 49.555 0.001
127 159 2 3 5 0 1 0.400 50.000 0.990
127 159 3 4 5 0 1 0.374 50.000 0.238
127 159 4 5 5 0 1 0.192 50.000 0.294
127 159 5 6 5 0 1 0.320 50.000 0.195
127 159 6 7 5 0 1 0.294 9.315 0.246
127 159 7 8 5 0 1 0.329 2.825 0.143
127 159 8 9 5 0 1 0.122 50.000 0.383
127 159 9 10 5 0 1 0.314 18.751 0.274
127 159 10 11 5 0 1 0.337 3.438 0.004
127 159 11 12 5 0 1 0.068 50.000 0.457
127 159 12 13 5 0 1 0.000 38.148 0.567
127 159 13 14 5 0 1 0.253 18.101 0.301
127 159 14 15 5 0 1 0.284 7.064 0.247
127 159 15 16 5 0 1 0.240 12.660 0.293
127 159 16 17 5 0 1 0.000 49.754 0.522
127 159 17 18 5 0 1 0.000 48.370 0.544
127 159 18 19 5 0 1 0.336 4.704 0.174
127 159 19 20 5 0 1 0.002 50.000 0.531
127 159 20 21 5 0 1 0.394 6.482 0.132
127 159 21 22 5 0 1 0.400 50.000 0.001
127 159 22 23 5 0 1 0.211 50.000 0.258
127 159 23 24 5 0 1 0.134 50.000 0.303
127 159 24 25 5 0 1 0.178 50.000 0.362
127 159 25 26 5 0 1 0.273 23.091 0.135
127 159 26 27 5 0 1 0.372 42.146 0.111
127 159 27 28 5 0 1 0.241 42.973 0.272
127 159 28 29 5 0 1 0.400 50.000 0.990
127 159 29 30 5 0 1 0.400 50.000 0.990
127 159 30 31 5 0 1 0.395 19.953 0.005
127 159 31 32 5 0 1 0.400 50.000 0.990
127 159 32 33 5 0 1 0.400 50.000 0.990
127 159 33 34 5 0 1 0.400 50.000 0.990
127 159 34 35 5 0 1 0.400 50.000 0.990
127 159 35 36 5 0 1 0.400 50.000 0.990
127 159 37 38 5 0 1 0.350 2.806 0.001
127 159 38 39 5 0 1 0.400 50.000 0.001
127 159 39 40 5 0 1 0.370 2.579 0.002
127 159 43 44 5 0 1 0.400 50.000 0.001
127 159 44 45 5 0 1 0.400 50.000 0.001
159 201 1 2 5 0 1 0.400 4.726 0.001
159 201 2 3 5 0 1 0.400 50.000 0.990
159 201 3 4 5 0 1 0.400 50.000 0.990
159 201 4 5 5 0 1 0.400 50.000 0.990
159 201 5 6 5 0 1 0.400 50.000 0.990
159 201 6 7 5 0 1 0.400 50.000 0.156
159 201 7 8 5 0 1 0.400 50.000 0.990
159 201 8 9 5 0 1 0.395 50.000 0.198
159 201 9 10 5 0 1 0.400 1.220 0.990
159 201 10 11 5 0 1 0.375 50.000 0.240
159 201 11 12 5 0 1 0.400 13.060 0.206
159 201 12 13 5 0 1 0.400 30.683 0.247
159 201 13 14 5 0 1 0.400 50.000 0.227
159 201 14 15 5 0 1 0.125 50.000 0.404
159 201 15 16 5 0 1 0.400 31.836 0.208
159 201 16 17 5 0 1 0.400 50.000 0.990
159 201 17 18 5 0 1 0.390 1.000 0.005
159 201 18 19 5 0 1 0.400 50.000 0.990
159 201 19 20 5 0 1 0.400 50.000 0.990
159 201 20 21 5 0 1 0.370 18.024 0.161
159 201 21 22 5 0 1 0.333 50.000 0.169
159 201 22 23 5 0 1 0.400 50.000 0.990
159 201 23 24 5 0 1 0.400 50.000 0.990
159 201 24 25 5 0 1 0.400 50.000 0.990
159 201 25 26 5 0 1 0.400 50.000 0.990
159 201 26 27 5 0 1 0.400 50.000 0.990
159 201 27 28 5 0 1 0.400 50.000 0.990
159 201 28 29 5 0 1 0.400 50.000 0.990
159 201 29 30 5 0 1 0.400 50.000 0.990
159 201 30 31 5 0 1 0.392 6.399 0.001
159 201 31 32 5 0 1 0.397 46.421 0.003
159 201 32 33 5 0 1 0.400 50.000 0.990
159 201 33 34 5 0 1 0.400 4.248 0.001
159 201 34 35 5 0 1 0.400 50.000 0.001
159 201 35 36 5 0 1 0.400 50.000 0.001
201 252 4 5 5 0 1 0.400 50.000 0.001
201 252 5 6 5 0 1 0.400 50.000 0.001
201 252 6 7 5 0 1 0.400 50.000 0.990
201 252 7 8 5 0 1 0.400 50.000 0.990
201 252 8 9 5 0 1 0.400 50.000 0.990
201 252 9 10 5 0 1 0.400 50.000 0.990
201 252 10 11 5 0 1 0.400 50.000 0.990
201 252 11 12 5 0 1 0.400 50.000 0.990
201 252 12 13 5 0 1 0.400 50.000 0.990
201 252 13 14 5 0 1 0.392 48.047 0.002
201 252 14 15 5 0 1 0.400 50.000 0.990
201 252 15 16 5 0 1 0.343 5.783 0.001
201 252 16 17 5 0 1 0.400 50.000 0.990
201 252 17 18 5 0 1 0.393 20.016 0.005
201 252 18 19 5 0 1 0.394 1.790 0.001
201 252 19 20 5 0 1 0.400 50.000 0.990
201 252 20 21 5 0 1 0.400 50.000 0.990
201 252 21 22 5 0 1 0.400 50.000 0.001
201 252 22 23 5 0 1 0.390 19.169 0.006
201 252 23 24 5 0 1 0.400 50.000 0.990
201 252 24 25 5 0 1 0.400 50.000 0.990
201 252 25 26 5 0 1 0.400 50.000 0.001
201 252 26 27 5 0 1 0.400 50.000 0.990
201 252 27 28 5 0 1 0.392 6.396 0.001
201 252 28 29 5 0 1 0.400 50.000 0.001
201 252 29 30 5 0 1 0.400 50.000 0.001
201 252 34 35 5 0 1 0.400 50.000 0.001
252 317 3 4 5 0 1 0.400 5.489 0.001
252 317 7 8 5 0 1 0.400 50.000 0.001
252 317 9 10 5 0 1 0.400 50.000 0.001
252 317 10 11 5 0 1 0.400 50.000 0.001
252 317 12 13 5 0 1 0.400 50.000 0.001
252 317 17 18 5 0 1 0.400 50.000 0.001
252 317 22 23 5 0 1 0.400 50.000 0.001
